1325659050822000000
1325129374626000000
1326373562126000000
1325872242189000000
1325363028322000000
1325182822384000000
1324766602414000000
1327008979010000000
1326050718542000000
1325239890961000000
1326435691818000000
1326536768123000000
1325979770631000000
1272073925328000000
1272261328279000000
1272150518887000000
1273966583001000000
1273336265515000000
1274109615470000000
1273641538969000000
1273614735020000000
1272092734423000000
1311050407683000000
1337763290641000000
1347301857577000000
1347218222396000000
1347144038983000000
1347243300147000000
1347478715229000000
1347470747227000000
1347293259938000000
1347432773596000000
1347092749479000000
1347178829572000000
1285433279981000000
1285006395670000000
1282939953190000000
1283014603115000000
1283640513090000000
1283012909342000000
1282774050376000000
1282396483720000000
1284648797661000000
1284017556239000000
1283644425396000000
1285553109869000000
1292310740089000000
1291287557958000000
1292288544374000000
1293304024877000000
1292950965427000000
1291099171162000000
1291068066265000000
1292574039127000000
1291914500320000000
1291869547002000000
1292833654930000000
1291661700616000000
1291159557028000000
1292406326496000000
1292417378292000000
1292516724633000000
1292308943290000000
1290924887483000000
1292293652607000000
1291338924804000000
1296435531423000000
1297064876733000000
1297643385245000000
1298237640714000000
1298459110783000000
1305366157889000000
1304325011164000000
1302338526296000000
1321003761712000000
1319365458961000000
1321041583727000000
1319037358324000000
1321181332816000000
1321175059693000000
1319654900045000000
1320355633758000000
1320409337823000000
1319034787083000000
1319128631567000000
1320202326662000000
1319207888876000000
1321009417984000000
1321378478950000000
1326993292092000000
1327144426813000000
1325878540310000000
1326766815246000000
1326929695036000000
1326638654292000000
1346628947780000000
1347447934902000000
1347164117726000000
1347404326507000000
1347047878716000000
1347051039140000000
1347278674655000000
1346806793977000000
1347140344772000000
1347286919118000000
1347166281730000000
1346822830147000000
1347399379876000000
1346753264446000000
1346602466761000000
1347128927379000000
1347417745603000000
1347364679441000000
1347428399947000000
1347327517353000000
1346613793179000000
1346711108679000000
1347249395398000000
1347359292228000000
1347035231651000000
1347331558881000000
1347088866195000000
1346870189058000000
1347203141503000000
1346745789887000000
1347430009076000000
1346731408267000000
1346680716835000000
1287295787553000000
1286681647025000000
1286089004221000000
1286846178853000000
1287441645070000000
1285996489433000000
1286599722400000000
1287734174282000000
1287395158995000000
1294058934503000000
1294142474712000000
1294903409345000000
1294125530645000000
1295955836622000000
1294638754351000000
1295649396870000000
1294687608863000000
1294284050816000000
1294761725831000000
1295679576441000000
1294608423351000000
1293929118057000000
1295493697250000000
1295460167779000000
1293323928795000000
1291526449575000000
1291821636017000000
1293018683741000000
1293411744826000000
1296184582196000000
1297362075261000000
1296020497839000000
1296764801519000000
1297850784147000000
1323935343020000000
1323971318728000000
1322648220227000000
1324178409067000000
1324586571821000000
1332064587605000000
1332897436107000000
1334439268823000000
1333193223787000000
1334028419216000000
1332748857667000000
1333358688305000000
1334069268497000000
1333631244531000000
1334085809317000000
1332764972409000000
1333896249004000000
1332336948390000000
1333959348472000000
1332390495340000000
1335419325194000000
1334373082951000000
1334145847216000000
1334686537609000000
1334449062885000000
1333759337525000000
1332859839123000000
1332340898349000000
1334284022633000000
1332640601656000000
1334774799367000000
1332588709871000000
1333041393895000000
1332892398566000000
1333442071439000000
1335069389623000000
1333476857985000000
1334471324505000000
1333424325685000000
1332821880064000000
1332319919695000000
1333781400373000000
1333364875113000000
1334711684881000000
1332391661671000000
1333820386027000000
1333116502671000000
1333753163419000000
1332277285116000000
1340626372743000000
1340312611030000000
1340816905133000000
1340687537057000000
1342214780061000000
1340459102276000000
1342360082392000000
1342224574123000000
1340728750719000000
1340414385857000000
1342561362838000000
1340262049700000000
1340302336052000000
1340416112894000000
1340612158977000000
1341921358454000000
1294765272168000000
1293553784259000000
1293475889476000000
1293004017011000000
1292807587233000000
1299098514951000000
1299012744612000000
1298334575518000000
1299288971096000000
1299700357121000000
1294496292846000000
1296986983953000000
1295915851474000000
1296317229644000000
1296421121643000000
1294486513247000000
1296735019047000000
1297037771389000000
1294496463833000000
1294777118914000000
1295617682005000000
1295302635718000000
1295928175532000000
1297552625038000000
1294504415561000000
1294598753333000000
1295515638390000000
1300792924438000000
1296800919819000000
1303012914268000000
1304135986315000000
1312652334363000000
1334953786330000000
1335911238566000000
1336848018679000000
1297853311950000000
1298183743538000000
1298284381795000000
1297154981064000000
1297976104205000000
1297741544634000000
1296545357711000000
1296786604242000000
1298233143271000000
1297391603555000000
1296363511808000000
1296696220610000000
1296163295794000000
1298416410763000000
1297343182139000000
1311799715206000000
1310089569242000000
1310080841683000000
1311323250124000000
1311780486990000000
1310231420045000000
1309763547834000000
1310231890460000000
1311594854326000000
1310594850691000000
1310466484732000000
1309957596642000000
1310905734573000000
1317657421944000000
1316846978227000000
1317684918086000000
1316131121308000000
1317167531189000000
1319113849872000000
1317286250944000000
1316457813856000000
1315594446778000000
1316406788927000000
1315536031452000000
1317463972563000000
1324252658903000000
1324576336537000000
1323825376004000000
1324845963977000000
1324355732797000000
1323310786601000000
1325278377557000000
1323840330242000000
1324022889374000000
1324106877238000000
1324198254849000000
1323390092724000000
1325124026682000000
1324307741827000000
1323404563784000000
1325748349784000000
1323518167060000000
1324243224979000000
1323972624555000000
1325000837921000000
1324181609206000000
1325321368766000000
1324213214927000000
1323623268139000000
1323614839743000000
1325078731129000000
1323642067466000000
1324354219916000000
1324855887985000000
1324010835897000000
1325433656889000000
1325078407437000000
1323767216737000000
1324731652385000000
1325024386255000000
1325033363261000000
1323638341901000000
1324079348399000000
1324586835692000000
1343440813295000000
1345755182783000000
1345344244213000000
1344736494154000000
1345211647379000000
1344849967604000000
1345132614262000000
1344384888309000000
1345848870722000000
1344057400329000000
1345179863126000000
1343908561766000000
1345986377272000000
1345608860485000000
1344416257874000000
1343441706753000000
1344236466929000000
1344909836110000000
1345774594663000000
1345037354545000000
1345465790232000000
1344742447962000000
1345892239692000000
1344929908013000000
1344835434288000000
1345058389132000000
1344000869074000000
1344165740378000000
1345001585838000000
1344231033828000000
1344415564006000000
1343418013371000000
1343615803570000000
1343914239495000000
1343719624655000000
1345693227434000000
1344027303857000000
1343756556648000000
1344934219308000000
1344032102110000000
1344418830225000000
1345359566824000000
1344881084992000000
1345143318998000000
1345247164099000000
1343679255314000000
1343752675611000000
1345952957832000000
1344880953049000000
1344782676743000000
1344824169386000000
1345341540358000000
1345301705319000000
1345608714001000000
1343555090328000000
1346822943858000000
1343900247478000000
1344257737568000000
1344026403997000000
1343786685600000000
1344079080204000000
1345119565810000000
1345796029018000000
1279408779551000000
1309802679925000000
1310564923065000000
1309401804975000000
1310141251258000000
1309670848749000000
1309470852384000000
1309601695699000000
1311128242441000000
1311298926020000000
1310814888783000000
1310642347820000000
1310499101709000000
1313011813119000000
1312445809581000000
1313323738412000000
1312802522269000000
1313142051119000000
1314301077930000000
1313829801541000000
1312740555411000000
1313866837136000000
1313909804856000000
1313827923358000000
1312971731253000000
1313767490795000000
1312493993728000000
1312368808789000000
1313749259596000000
1314284507201000000
1314817057326000000
1313219659505000000
1313894755943000000
1318076029848000000
1316595614749000000
1316460802035000000
1317842145601000000
1317781894939000000
1316956422992000000
1320779431933000000
1317061336988000000
1317950601253000000
1317380465797000000
1331501690203000000
1329962739044000000
1331130917103000000
1329676525517000000
1329881810966000000
1332118149407000000
1330365504718000000
1331303385141000000
1330607906295000000
1330058029023000000
1331505325991000000
1330515012298000000
1330288058196000000
1329638864117000000
1331716797418000000
1330752709302000000
1330128181677000000
1335597590858000000
1334903753261000000
1346070784703000000
1346016545563000000
1347278295414000000
1346553478118000000
1347411956652000000
1345433249335000000
1347439726584000000
1345806709643000000
1346918544995000000
1346374134613000000
1346992507567000000
1347321391659000000
1347321332944000000
1347206383428000000
1346880327421000000
1347040721287000000
1347523661035000000
1346826768347000000
1346961186571000000
1347064698056000000
1347463238320000000
1347449152368000000
1346811098117000000
1347204394474000000
1346704412714000000
1347029106236000000
1346868279512000000
1347341690002000000
1347310797061000000
1344198672722000000
1344300049026000000
1343098225235000000
1342999343546000000
1343871419726000000
1345059501233000000
1344820993930000000
1344994020233000000
1344679240501000000
1344608376703000000
1343208871825000000
1343146312873000000
1345147950883000000
1343257247008000000
1342769376693000000
1343147063535000000
1343023229979000000
1343873938877000000
1342991460957000000
1343868044116000000
1344562894263000000
1344556096944000000
1344511241418000000
1343152605474000000
1344888545726000000
1344695464126000000
1344698290111000000
1345000523187000000
1343251948808000000
1343158093327000000
1344307823881000000
1342789479603000000
1344348253643000000
1343506614855000000
1344950271155000000
1343033308931000000
1344659362863000000
1342985473496000000
1343618348731000000
1343272717200000000
1343792110842000000
1344048553901000000
1342887282419000000
1343871329707000000
1344999054529000000
1344002492462000000
1343124338976000000
1344430136399000000
1344431964729000000
1344429775500000000
1343963193811000000
1344160791545000000
1342830524502000000
1345185598526000000
1344852680606000000
1269699055193000000
1270226729180000000
1272823453196000000
1272091190794000000
1270707764311000000
1271708258081000000
1270303576600000000
1270935536876000000
1271427950077000000
1275740589381000000
1288792001145000000
1288937673666000000
1290363797636000000
1290356321891000000
1289329689981000000
1289761239065000000
1290349271636000000
1290836690481000000
1291018526657000000
1290553917408000000
1294108114683000000
1293001908463000000
1320301756126000000
1319072999480000000
1321241014372000000
1320141290496000000
1319702708516000000
1318932628960000000
1319954501198000000
1320729684799000000
1320880228015000000
1320379433737000000
1319021152027000000
1319985444671000000
1320417087474000000
1328910050010000000
1329900783307000000
1329427596184000000
1329583709053000000
1327857371641000000
1329152457099000000
1327887415062000000
1327479673029000000
1329047682651000000
1329397932577000000
1328493542925000000
1330093980006000000
1330816413799000000
1330234625138000000
1329856212580000000
1329219052054000000
1329789989349000000
1330855278288000000
1330654147830000000
1330868239405000000
1330077110808000000
1329219711564000000
1328845315575000000
1329457746076000000
1330132904030000000
1329613528140000000
1330179427778000000
1329924539184000000
1328871544459000000
1330117375509000000
1330081862402000000
1329797873671000000
1329853229424000000
1329507947013000000
1328791568092000000
1330845557633000000
1328556444062000000
1328984713913000000
1328659208507000000
1329150245276000000
1330725681301000000
1330637658787000000
1329376763761000000
1328568701554000000
1330756997822000000
1328474081742000000
1330767738182000000
1330195556050000000
1330291126511000000
1329498112474000000
1330804015756000000
1328788625186000000
1329513922182000000
1347491909793000000
1271347630650000000
1277363974952000000
1278545486669000000
1278025873760000000
1277507569660000000
1282270971284000000
1284650447044000000
1283018526505000000
1282263656798000000
1283893255739000000
1282352460951000000
1283655026452000000
1284438678207000000
1301425971960000000
1300432967044000000
1299023721043000000
1301137113883000000
1301507164462000000
1299462026789000000
1300265717727000000
1299604952188000000
1301492864221000000
1300266043172000000
1303748179371000000
1303549239933000000
1304751188204000000
1303725829135000000
1304131497833000000
1303890108153000000
1304418254025000000
1305028319100000000
1303916260459000000
1303369925113000000
1303645931006000000
1303889482006000000
1303429971258000000
1305244463088000000
1303817315056000000
1304838661303000000
1303561270937000000
1305460399221000000
1304539097234000000
1303841980108000000
1303606699799000000
1304645247444000000
1303463843618000000
1305767749563000000
1303652622072000000
1303555303632000000
1304754451863000000
1304610010000000000
1304309747740000000
1304327583515000000
1304977667907000000
1303822992785000000
1304139787118000000
1304529840526000000
1302325869934000000
1302444581178000000
1302838002974000000
1302267817050000000
1304147174635000000
1304398479880000000
1302157689146000000
1303904662277000000
1303678978711000000
1303510593820000000
1303782416322000000
1304250998123000000
1303249597105000000
1303794233814000000
1302336665409000000
1304662943345000000
1303288667316000000
1322130855282000000
1321616936610000000
1322008542764000000
1322127211715000000
1321116337769000000
1320858812210000000
1322091516460000000
1322197019194000000
1321663912694000000
1322985810585000000
1321955735357000000
1322589264609000000
1322348356917000000
1321899391605000000
1321259341898000000
1333866775194000000
1333956838018000000
1334112620078000000
1334879446974000000
1334752211389000000
1335065477950000000
1334528857070000000
1334995904905000000
1334289887045000000
1334787640651000000
1335433272373000000
1335881887898000000
1340169018187000000
1338802556331000000
1340158865044000000
1338087657731000000
1338809940159000000
1339436437641000000
1339745465716000000
1338329020566000000
1338687595220000000
1339702734575000000
1339817271052000000
1340149228565000000
1340092925962000000
1339829105010000000
1339263421873000000
1339747470045000000
1340043908784000000
1338124941934000000
1340633464814000000
1340425334952000000
1338483951246000000
1339164317280000000
1339701231062000000
1339305943259000000
1340585082307000000
1339237578437000000
1340624575560000000
1338690437419000000
1340164793266000000
1338558576760000000
1339974721471000000
1339159994007000000
1340398093690000000
1338489563236000000
1339199257181000000
1339907741032000000
1339729020559000000
1341090173863000000
1339895464554000000
1339284555280000000
1340601007555000000
1340663055715000000
1340454482453000000
1340066550157000000
1341101022325000000
1339252534559000000
1339035094830000000
1339901021887000000
1267999534923000000
1281418139283000000
1282330381928000000
1283111639594000000
1283025490572000000
1282511840395000000
1281161980819000000
1280792624565000000
1282505711642000000
1323605653987000000
1324476857420000000
1324667823006000000
1323816711156000000
1324306890894000000
1324633068720000000
1325500330849000000
1326299549191000000
1326538914056000000
1325215807797000000
1329322607868000000
1330699449187000000
1329063244588000000
1331193858076000000
1330601274752000000
1328948952400000000
1330800367758000000
1330228431465000000
1328959489537000000
1331363185994000000
1330892446238000000
1331004216426000000
1329980421323000000
1331138925534000000
1330814418032000000
1330336884057000000
1330857708503000000
1329729702359000000
1330630530116000000
1330378088680000000
1329487734399000000
1330571404848000000
1328993261983000000
1329119144937000000
1328958697367000000
1329090864146000000
1329558805026000000
1289724096554000000
1288188737730000000
1289170235632000000
1289081059663000000
1297399804968000000
1298409072328000000
1297598479709000000
1297468641574000000
1296400795031000000
1298310975106000000
1297809648305000000
1298613367317000000
1299655771961000000
1298434150052000000
1296506108361000000
1298422011453000000
1297162874214000000
1296420192200000000
1297200935300000000
1298384860443000000
1297957865441000000
1300068985148000000
1296660186050000000
1296329386513000000
1298222326569000000
1296425953769000000
1296529821925000000
1297366225415000000
1302713738306000000
1302889742235000000
1303911750549000000
1301770531986000000
1303001827876000000
1301228545536000000
1309372786140000000
1310232486709000000
1310174143004000000
1309557385982000000
1310853352334000000
1313235066947000000
1328636940948000000
1328930238662000000
1330761001317000000
1329386295176000000
1328833251735000000
1329345537999000000
1330735613872000000
1274641121815000000
1274151907070000000
1274808522557000000
1273458421222000000
1274587854523000000
1274758009854000000
1282884822237000000
1282507826903000000
1282885131866000000
1282017871549000000
1281971927269000000
1282988129535000000
1282311710839000000
1283117281315000000
1282546625485000000
1280719088402000000
1298348523417000000
1298063608036000000
1299405815844000000
1297709727105000000
1298613363643000000
1298234663984000000
1298832328915000000
1297956835090000000
1297578900620000000
1298901125953000000
1298080432838000000
1299465062029000000
1299164041244000000
1297092367884000000
1299443105047000000
1297951316391000000
1298165054469000000
1299079203841000000
1298625013699000000
1299305282339000000
1298029758807000000
1299437063919000000
1298249255997000000
1296993887737000000
1297991581253000000
1298750969106000000
1298523877925000000
1299004101170000000
1298376719390000000
1298403594176000000
1298510283326000000
1298575630296000000
1297200114384000000
1297053042233000000
1303233659813000000
1301738488330000000
1308011997197000000
1307928484927000000
1308938266025000000
1309324399976000000
1308974409104000000
1307768337131000000
1308586327298000000
1309638688747000000
1309208046476000000
1308326117984000000
1309901404443000000
