1304951976839000000
1306646314149000000
1306194670353000000
1307038134849000000
1307244264315000000
1306925011448000000
1305341524419000000
1307830114509000000
1306120484277000000
1306644519389000000
1306558409487000000
1306985069803000000
1307047770360000000
1317385860255000000
1317903905246000000
1321168989879000000
1321541414949000000
1320373397745000000
1320850066169000000
1321705134646000000
1320607666433000000
1320289191824000000
1320241766324000000
1325581162161000000
1325510395115000000
1329888613683000000
1327368952803000000
1327420251941000000
1328208708126000000
1326685193742000000
1326767983679000000
1326366972557000000
1327656756298000000
1326714259920000000
1327369339025000000
1326727834816000000
1328800519474000000
1327778196638000000
1326964096188000000
1326748987769000000
1326315617462000000
1326707630616000000
1327631257637000000
1326921330287000000
1326846422958000000
1328073565455000000
1326768072735000000
1328052493400000000
1328811276182000000
1327132558905000000
1327405508525000000
1327103896724000000
1328867712598000000
1327809160811000000
1328718406389000000
1328161623739000000
1328437555746000000
1327844473601000000
1327913738234000000
1328560636554000000
1326867091439000000
1326818608107000000
1328606457516000000
1327815448028000000
1327070017445000000
1327190574473000000
1328010465180000000
1326648055345000000
1328855168344000000
1327075824043000000
1328166048822000000
1326698278474000000
1328487855255000000
1327599963584000000
1327254133742000000
1329845976374000000
1328313737961000000
1327229035440000000
1326662699788000000
1328754905786000000
1327576024139000000
1328058328995000000
1326403633879000000
1326574989521000000
1327798706509000000
1329791060620000000
1328105460626000000
1326385881654000000
1328688175281000000
1326614834872000000
1326475629575000000
1326687577184000000
1326854644768000000
1327340471259000000
1327003492397000000
1327798618214000000
1328835160140000000
1331197574934000000
1327830654484000000
1327465402328000000
1328526754017000000
1326592098775000000
1326627190832000000
1327291596947000000
1326844624143000000
1327685683088000000
1326979990831000000
1328503128349000000
1326652087283000000
1328535236393000000
1328102099224000000
1328181915866000000
1326650843464000000
1327403273149000000
1327317703796000000
1326712377775000000
1327959218822000000
1328709185731000000
1328530978713000000
1326615760793000000
1327553844830000000
1326982618932000000
1328674520931000000
1326869411787000000
1328173444324000000
1328698822762000000
1327840877517000000
1326758055043000000
1326471786425000000
1328084707634000000
1328264298221000000
1326889645981000000
1326532535516000000
1328474890299000000
1328069495940000000
1327586793373000000
1328639206019000000
1327434348732000000
1327641328915000000
1328547896511000000
1326505275085000000
1327839962095000000
1326393922854000000
1327122265323000000
1326759168083000000
1332046158135000000
1328433855090000000
1327890640442000000
1330166738099000000
1326751736997000000
1331023374858000000
1327305505049000000
1327526531726000000
1327711136421000000
1326812009122000000
1327296421404000000
1326512010592000000
1332234239562000000
1326551307547000000
1327912467602000000
1327751114575000000
1328738583326000000
1326580131211000000
1326481039720000000
1328240316855000000
1326356871303000000
1328599965045000000
1326398884337000000
1327147359192000000
1327564046912000000
1328788215310000000
1327483838065000000
1327449922892000000
1329905839537000000
1326578745465000000
1327570355239000000
1326888608739000000
1328416093686000000
1326958775251000000
1326605139128000000
1328557897454000000
1328272821788000000
1327686826250000000
1327892978807000000
1327788908113000000
1328333717598000000
1327953110686000000
1327293024755000000
1327882745475000000
1327860292324000000
1328469421276000000
1326377312301000000
1328479920574000000
1327626042898000000
1326575603858000000
1328535099337000000
1328074830283000000
1328101547290000000
1327144445366000000
1326831307249000000
1328380123476000000
1329934691031000000
1335614592712000000
1336917804937000000
1336422692856000000
1335182068221000000
1335555645058000000
1269043676144000000
1319646736843000000
1318937037337000000
1320178069059000000
1320206035836000000
1319909988498000000
1345960858650000000
1271224288092000000
1271282308495000000
1271533090650000000
1271851097060000000
1272115648139000000
1294540881882000000
1293041856264000000
1312423496545000000
1310948565324000000
1311539664581000000
1312227427963000000
1329412832178000000
1330168810432000000
1337167310335000000
1335867747724000000
1335942831109000000
1336030717430000000
1336371065275000000
1338210389066000000
1337761864187000000
1336567730478000000
1340142418259000000
1340305157427000000
1341019185723000000
1339680640282000000
1340587663329000000
1340470862815000000
1340682074302000000
1339059224533000000
1340313997278000000
1339129834895000000
1339641454065000000
1340264354594000000
1340489697314000000
1339433953438000000
1340491576146000000
1340285385886000000
1340501903779000000
1341102361041000000
1340248426100000000
1341079269700000000
1340033617366000000
1338777595943000000
1338611444526000000
1340578497486000000
1340027600897000000
1341155877251000000
1339414841104000000
1339700118140000000
1340558031588000000
1339343682385000000
1339127024398000000
1340228326725000000
1341064793550000000
1339169008811000000
1340269980290000000
1340667754831000000
1339097815118000000
1339461418614000000
1338903585281000000
1340519036414000000
1341064254441000000
1338895578310000000
1341546550579000000
1341189135839000000
1342003025531000000
1342418161410000000
1341635349984000000
1342930104395000000
1341119577790000000
1342788959020000000
1342175220445000000
1341574946948000000
1343312927500000000
1342912102834000000
1341258262063000000
1342151936186000000
1343116457039000000
1342991304801000000
1341725659919000000
1341585151533000000
1341672052591000000
1341121865237000000
1343053689984000000
1342253489266000000
1341259344562000000
1342974692843000000
1341907227253000000
1342341945071000000
1343502782690000000
1297084182708000000
1298395983692000000
1296560254844000000
1298307977395000000
1298684304329000000
1297271847927000000
1298876311806000000
1297872161394000000
1298650726152000000
1298121493321000000
1298581188456000000
1298893112877000000
1298585828868000000
1307720817117000000
1308093674040000000
1306943789782000000
1308644888075000000
1309134090749000000
1306830135747000000
1307838089355000000
1306782710247000000
1308726208181000000
1308514157754000000
1314266009997000000
1314531748377000000
1313226685053000000
1314220794599000000
1314413334586000000
1338401706580000000
1340116118400000000
1341066783322000000
1338686713076000000
1338989522725000000
1338202348856000000
1338054058930000000
1268911444804000000
1269702023704000000
1268274540842000000
1280568059609000000
1281541329141000000
1279686955674000000
1283940265343000000
1279206091839000000
1284250521684000000
1284195153134000000
1284614378491000000
1293795346981000000
1294056769113000000
1295076481225000000
1293546826134000000
1293325274752000000
1293852244280000000
1293750501056000000
1294386497002000000
1292904020873000000
1292713107510000000
1293177266197000000
1294293814485000000
1301064563134000000
1302618979526000000
1302876961904000000
1300853107741000000
1302202479181000000
1303132657879000000
1302091333770000000
1302646063153000000
1301741027407000000
1301480530678000000
1300688860265000000
1301643327378000000
1301220769392000000
1301001183078000000
1302106912413000000
1301213075015000000
1301270172722000000
1302500948954000000
1303017039869000000
1309416320777000000
1311384238977000000
1308994272074000000
1308918183477000000
1308901461220000000
1310718359471000000
1309249788319000000
1310066000231000000
1310553681623000000
1311265224429000000
1309468086925000000
1309198934058000000
1310730203496000000
1309609653289000000
1310416075094000000
1310700164699000000
1310532645470000000
1311222418799000000
1309711465740000000
1310994517162000000
1311401916762000000
1310801338669000000
1311262407462000000
1309706796367000000
1311119084235000000
1329242684634000000
1329318019733000000
1331048697750000000
1331271646935000000
1330772981552000000
1331418075361000000
1331177095532000000
1305689629697000000
1316028568901000000
1316096004541000000
1316402547650000000
1315937878312000000
1315291765830000000
1316563633794000000
1316275370508000000
1315805417923000000
1316808517747000000
1323990916311000000
1324139826966000000
1323908073306000000
1324299554596000000
1323247235342000000
1323109756017000000
1323332588788000000
1324327237812000000
1323325204959000000
1324837976639000000
1324052880858000000
1324116224280000000
1325216973249000000
1324888786330000000
1323488940946000000
1323344667057000000
1323389448928000000
1324919239686000000
1326858242478000000
1324815987419000000
1324723742663000000
1323218013332000000
1323285720165000000
1323475512985000000
1323458761301000000
1323529253211000000
1323442677208000000
1330001599724000000
1334482688798000000
1334717926485000000
1333576941532000000
1334161810645000000
1339134608188000000
1341197856022000000
1344066618871000000
1343626385899000000
1344877397648000000
1343627003503000000
1344404964446000000
1342993061145000000
1344595504688000000
1343895989136000000
1342915933850000000
1344190946826000000
1343153090642000000
1344386866051000000
1344450578147000000
1345231523468000000
1343451153209000000
1343590713293000000
1345051447707000000
1345025879388000000
1272841022187000000
1295231792916000000
1293812836889000000
1295245664638000000
1294152132197000000
1295224325752000000
1293513835758000000
1290045875729000000
1298944824914000000
1298352508561000000
1299267195836000000
1298330259465000000
1315181980347000000
1338490623650000000
1338351598179000000
1338078807620000000
1337753799824000000
1339424066478000000
1337778994492000000
1337622030093000000
1339476945925000000
1339552082141000000
1338259532264000000
1339122836053000000
1339489605843000000
1339935953103000000
1338968616227000000
1339540293761000000
1337651800303000000
1337976467960000000
1337980573690000000
1338679531582000000
1339590515792000000
1340017218397000000
1339243020893000000
1340191587082000000
1339570911545000000
1339498814662000000
1339452540051000000
1338859210889000000
1339102128121000000
1339637525492000000
1338055078717000000
1337794316489000000
1338789492866000000
1339803266519000000
1338728332116000000
1339625120319000000
1338922994010000000
1338717687261000000
1338915544071000000
1338133965848000000
1338840093834000000
1338648164745000000
1338686469448000000
1338637824303000000
1338393841598000000
1338188370140000000
1338219841139000000
1339073983457000000
1340467400928000000
1340815082031000000
1339079066920000000
1346941796579000000
1347264867832000000
1347442961095000000
1346909243627000000
1347024894940000000
1347278651026000000
1347383816030000000
1346819271361000000
1347503323019000000
1347126762999000000
1346790461940000000
1347008376681000000
1347341650463000000
1347473020734000000
1347449874964000000
1346699961017000000
1346787811117000000
1346754415459000000
1346845738474000000
1347364918537000000
1347462227053000000
1347288351177000000
1346675096260000000
1347065607674000000
1346750436805000000
1347134534862000000
1347167446472000000
1346769953253000000
1346819072728000000
1347037393129000000
1346822516141000000
1347082925030000000
1347310391091000000
1347244397977000000
1347257353306000000
1346719336527000000
1347367831828000000
1347117919921000000
1347526538139000000
1346755198020000000
1346830454486000000
1347507821207000000
1346849406328000000
1267833738530000000
1268729811122000000
1313563741867000000
1313637350955000000
1313834314805000000
1314886618954000000
1315163164775000000
1315343174019000000
1313417643659000000
1313366454146000000
1311847051679000000
1311596098923000000
1312191268548000000
1312829449361000000
1311203077538000000
1311267882336000000
1313187654443000000
1312358191380000000
1311620563423000000
1313103295881000000
1312173789747000000
1311299937526000000
1314550804428000000
1316265410093000000
1316517352419000000
1316177777226000000
1317021745199000000
1315060270515000000
1318154712354000000
1317721356039000000
1317274592319000000
1316793429525000000
1315965892105000000
1315972050611000000
1317487238358000000
1316336742810000000
1317380325456000000
1317331335535000000
1317942427938000000
1315861722237000000
1316949165220000000
1324044944457000000
1324017371185000000
1324576573491000000
1324315774789000000
1323143271349000000
1324717406884000000
1322872190660000000
1324187382406000000
1323819546057000000
1324995538985000000
1323231551512000000
1324513673595000000
1323916952830000000
1324855612695000000
1323228337821000000
1322872631636000000
1324766858818000000
1323112098811000000
1324634080388000000
1322887050242000000
1323974904095000000
1325186682150000000
1324399609137000000
1323245845058000000
1324405914210000000
1324344752231000000
1323768268817000000
1324216576115000000
1322785353404000000
1322871828533000000
1324493189616000000
1323643501516000000
1322666686856000000
1324527326024000000
1323767807869000000
1322813410560000000
1323492723797000000
1322973698752000000
1324443923960000000
1324392718631000000
1324527441095000000
1322765124775000000
1324896468015000000
1322888452404000000
1323899793780000000
1324378979806000000
1323533157724000000
1324632331689000000
1324965785565000000
1324006110851000000
1325171060549000000
1322867533477000000
1322859019430000000
1324157184081000000
1325056105005000000
1324616135271000000
1323560674177000000
1324837029304000000
1323234113502000000
1324570077459000000
1322934409153000000
1324254510003000000
1323883774887000000
1323899986113000000
1324580037292000000
1323914903517000000
1324941591318000000
1323412837464000000
1324462446599000000
1324746610058000000
1323107598374000000
1323648603981000000
1322877788634000000
1324537106829000000
1322729838840000000
1322663348143000000
1324608127743000000
1322687481854000000
1324933973633000000
1324263393433000000
1324219406041000000
1323114481562000000
1322817484541000000
1325074469685000000
1324864854226000000
1324729864230000000
1325001365653000000
1323259399385000000
1322859827779000000
1324936806982000000
1322670571219000000
1324063792112000000
1324188167133000000
1324116912646000000
1323373535002000000
1324649328643000000
1324729938485000000
1324941421703000000
1324031672922000000
1323301820286000000
1324237803993000000
1322959523037000000
1323365165086000000
1323468546602000000
1323297938088000000
1323064942937000000
1323512154997000000
1324488612881000000
1323115259235000000
1322844826147000000
1322938449892000000
1323287825693000000
1323073023441000000
1324983596191000000
1322931407957000000
1324250383594000000
1325146395032000000
1324394091137000000
1324835543193000000
1323303557667000000
1324814310659000000
1323129388586000000
1324796632583000000
1324364238508000000
1274381032984000000
1273941279837000000
1274183732426000000
1274530748935000000
1277105185417000000
1277329834701000000
1276931923905000000
1295630993930000000
1294714027650000000
1296529257577000000
1294663828560000000
1296872999410000000
1295912430748000000
1295850316469000000
1295754085835000000
1296299791238000000
1296032443388000000
1296498862255000000
1295352557985000000
1295704791942000000
1295262345319000000
1294970847269000000
1294827000935000000
1295927519340000000
1295355961648000000
1297084601352000000
1294842060466000000
1295919757175000000
1295987651914000000
1295263964458000000
1296686180762000000
1297039239084000000
1294848143932000000
1296151904671000000
1295516167167000000
1295924406674000000
1296367774752000000
1295025856850000000
1300029657494000000
1299502271223000000
1298705740177000000
1306821061264000000
1306156164561000000
1307738851533000000
1309913377709000000
1306381409776000000
1307316015906000000
1308862050781000000
1307289654768000000
1306148964850000000
1306307012621000000
1307948786086000000
1307983409369000000
1307949511581000000
1307717263945000000
1307723089424000000
1307108494004000000
1307856408319000000
1306330249906000000
1311224631624000000
1312904021077000000
1313544797626000000
1312507958281000000
1311416306033000000
1311436050217000000
1312868519273000000
1311192124233000000
1313494389581000000
1311951714556000000
1312447543215000000
1313569025989000000
1311558702867000000
1312361045600000000
1311953573492000000
1312869650538000000
1311207628881000000
1313208232610000000
1313286134874000000
1313480735231000000
1312907761590000000
1311316401782000000
1312312867593000000
1327492287348000000
1326344526332000000
1327524071601000000
1325753237517000000
1326897527447000000
1325951864997000000
1328295405774000000
1327133070459000000
1327530996341000000
1327364497829000000
1326325621266000000
1326781846491000000
1325908166311000000
1327102133608000000
1331439797696000000
1329416878757000000
1331348021163000000
1330861023650000000
1331487348851000000
1329735361835000000
1329552194311000000
1329823495127000000
1330190357809000000
1331323284496000000
1330044047383000000
1330351811354000000
1329389646166000000
1341350646842000000
1342723414673000000
1342926737721000000
1341551295815000000
1342374163927000000
1342452499716000000
1340939746743000000
1342986903992000000
1286648237980000000
1287466635966000000
1287685862411000000
1286432898996000000
1287975025903000000
1288234256500000000
1288039972443000000
1286927866123000000
1288199248093000000
1286553216309000000
1286666927163000000
1288862831436000000
1287803699488000000
1287711795706000000
1288440093654000000
1289113660479000000
1289028768300000000
1287836826038000000
1289577850824000000
1289070524041000000
1289661746986000000
1288867309892000000
1315757906965000000
1318935210880000000
1318378228780000000
1318096930907000000
1317186582364000000
1317577421314000000
1318555417791000000
1317377554210000000
1328016297580000000
1329384147104000000
1327275771456000000
1329165375618000000
1329094629746000000
1328712363570000000
1327518215844000000
1327589851454000000
1328606213001000000
1328632060545000000
1329517605094000000
1328863749073000000
1329491902618000000
1329234148976000000
1327360545523000000
1328550392861000000
1329007075328000000
1330374335243000000
1328898985608000000
1328446544228000000
1327088035181000000
1329557983011000000
1327239686513000000
1328919797254000000
1329627637713000000
1328457773101000000
1337794979915000000
1346766471434000000
1347072784886000000
1346441810408000000
1347405995681000000
1347055664823000000
1347289780561000000
1346970796333000000
1345632465119000000
1345919429908000000
1345143202054000000
1347142927098000000
1345672513787000000
1267072821564000000
1316397586375000000
1317113662915000000
1317185427268000000
1315791172957000000
1317488873109000000
1318095654943000000
1317376456519000000
1316195744092000000
1317149829102000000
1336423362746000000
1338152239500000000
1336903598336000000
1338278796097000000
1336555760453000000
1337653141269000000
1338324612401000000
1337223524691000000
1338044961969000000
1336979773393000000
1336002606119000000
1336068002917000000
1335942184268000000
1336105784262000000
1338061178197000000
1337097366107000000
1337481197554000000
1335965979449000000
1335846271932000000
1338048267209000000
1343462369929000000
1344850836145000000
1343592816228000000
1345056469338000000
1344942665268000000
1344756885557000000
1346225135997000000
1342859545561000000
1284022452075000000
1284430590930000000
