1321185901160000000
1321939048781000000
1320774180933000000
1321419187291000000
1338418075596000000
1337257506698000000
1280456442243000000
1282430470184000000
1282531371154000000
1319077198108000000
1318528991208000000
1318317233255000000
1317180963152000000
1317543001059000000
1319234190684000000
1319502828807000000
1316979026930000000
1318554241886000000
1317806498392000000
1318597123853000000
1317853134319000000
1317185046729000000
1318483110699000000
1318824203917000000
1318377022624000000
1318072709697000000
1319012556857000000
1318802610381000000
1317583304557000000
1318043091186000000
1317659170268000000
1317895558006000000
1318581278234000000
1317858112861000000
1318628897022000000
1319102500282000000
1318634266092000000
1319224368265000000
1322250083880000000
1323414105132000000
1323453877745000000
1324637154740000000
1322062083017000000
1323760909173000000
1335274322267000000
1333904109707000000
1334683694794000000
1337750439543000000
1334062380001000000
1276485032037000000
1278742929097000000
1278737772308000000
1278453569747000000
1279752213559000000
1279735407713000000
1279644768527000000
1278677916256000000
1284898577433000000
1286245422166000000
1285547249131000000
1284500888275000000
1284664094363000000
1303343615082000000
1302087745347000000
1305595964339000000
1302044666130000000
1303461456202000000
1308223719623000000
1308872708704000000
1310196176755000000
1308318687875000000
1309544733291000000
1308271238870000000
1310193554464000000
1310228299882000000
1308023462308000000
1308728303013000000
1307857875940000000
1308419714802000000
1309247763916000000
1309236667571000000
1310101361033000000
1308135981322000000
1307894882407000000
1308307198098000000
1309234317525000000
1308382841932000000
1308729926992000000
1310183370897000000
1308855046344000000
1308189815515000000
1309080195333000000
1309850428588000000
1314852531644000000
1313384509387000000
1313899761989000000
1314335761170000000
1314043996736000000
1314815369949000000
1313809691897000000
1312804551820000000
1316021436991000000
1317428867707000000
1316317978931000000
1316684644200000000
1316744340543000000
1315535560661000000
1326773942362000000
1326654980835000000
1325033082332000000
1324804582373000000
1325683751784000000
1325103811343000000
1325065687382000000
1326182311038000000
1327274837994000000
1324958736064000000
1327233222923000000
1325326075119000000
1326836154333000000
1326280631408000000
1324105128799000000
1328952355765000000
1328556643073000000
1328463698890000000
1330921974029000000
1329101696051000000
1329905122694000000
1328960288267000000
1328623314871000000
1330928614160000000
1330623112556000000
1328963556944000000
1329048966588000000
1329334943185000000
1329763720376000000
1330159972015000000
1329314555593000000
1328807759022000000
1328537093539000000
1329387474538000000
1333507480495000000
1332376549229000000
1334206800240000000
1334047661507000000
1334376739654000000
1333307625184000000
1334441045302000000
1332479814073000000
1333507017839000000
1332671955894000000
1333944980507000000
1332364100068000000
1334376909555000000
1332405351318000000
1332364079839000000
1345678884747000000
1344834641330000000
1344995400530000000
1345719888147000000
1344761511479000000
1345952230156000000
1346258600218000000
1345159549776000000
1346647057452000000
1347136986917000000
1344989798169000000
1347194210210000000
1288861519818000000
1287354382569000000
1286587607251000000
1289277387996000000
1288999042875000000
1287184469446000000
1288728729639000000
1287897515170000000
1287849709651000000
1287980506553000000
1288393524302000000
1290838129936000000
1290050221475000000
1290611049676000000
1289840436401000000
1291695073173000000
1291713225118000000
1289678192126000000
1290112672392000000
1289340673523000000
1289634614893000000
1290586350226000000
1289960296499000000
1290389039046000000
1290234599583000000
1289561405196000000
1311376220888000000
1310235709911000000
1310043924087000000
1328496426745000000
1335867265395000000
1335913331073000000
1335055152502000000
1339164507381000000
1339925688669000000
1338808740373000000
1338586402033000000
1339094445829000000
1339703991743000000
1339126479193000000
1338520633419000000
1341462214858000000
1340587410255000000
1340673231002000000
1342362868058000000
1342732886498000000
1342095006248000000
1343866133711000000
1340875637085000000
1340687068758000000
1341041753437000000
1340726977335000000
1342346096066000000
1342930411307000000
1341197905809000000
1341527606451000000
1340708485540000000
1341274306018000000
1340875127999000000
1341226053827000000
1340885647253000000
1341405960877000000
1341012304974000000
1340584354343000000
1342346435378000000
1342329963819000000
1340431589070000000
1341909320193000000
1341428988379000000
1341570682895000000
1342167496888000000
1342174656207000000
1341937801967000000
1341975969861000000
1342868672180000000
1341536325400000000
1341338189013000000
1342990306090000000
1341631779942000000
1342893596260000000
1340955211884000000
1342685468843000000
1340732147558000000
1342882004265000000
1342329775358000000
1340421078425000000
1342135514913000000
1342561256649000000
1341013812230000000
1340479069575000000
1342773466928000000
1341415285775000000
1342822966402000000
1341751970638000000
1340520020644000000
1341637944099000000
1341512338047000000
1342711897450000000
1340984973745000000
1341919302441000000
1344782749088000000
1275606044873000000
1273711629951000000
1273569646988000000
1274724488792000000
1273635229895000000
1278025532333000000
1288031574662000000
1287997212088000000
1288251589576000000
1307249501698000000
1306953387981000000
1306583142733000000
1307769696317000000
1308503117229000000
1307247915987000000
1308816867318000000
1306336888194000000
1306877390275000000
1308541225825000000
1307015025399000000
1307118745432000000
1308602250465000000
1308600969180000000
1307439640088000000
1307706942332000000
1307413364271000000
1306462310227000000
1308300548792000000
1306299794940000000
1311634045951000000
1308403068702000000
1307676334031000000
1306605041078000000
1306739201552000000
1306339533717000000
1309851704126000000
1308598970544000000
1307870691544000000
1306609371179000000
1308473955534000000
1307474280378000000
1308561521613000000
1308157578386000000
1307747163771000000
1307278564239000000
1307283182231000000
1307886154197000000
1306967999474000000
1307832266759000000
1306876796943000000
1306764958296000000
1306959121172000000
1306244131349000000
1314977307433000000
1315016734768000000
1315078374803000000
1315826141656000000
1314833972504000000
1314878372096000000
1324829303094000000
1325854063740000000
1322236465198000000
1327618612234000000
1327952531126000000
1328026509434000000
1328459368206000000
1327425314782000000
1328684631606000000
1328515631995000000
1345939498847000000
1346958728547000000
1347305617745000000
1346871755334000000
1345644194726000000
1346242863874000000
1345626837485000000
1347524261499000000
1347123910923000000
1346004566593000000
1345980349870000000
1346088336632000000
1346190132972000000
1345567295037000000
1346061443053000000
1347456767317000000
1347035860048000000
1347381428591000000
1346664588745000000
1346825668697000000
1346759041097000000
1346027962547000000
1346387965081000000
1345736575694000000
1347014360106000000
1346511241221000000
1345687952046000000
1347320450242000000
1346558751796000000
1346589528418000000
1346650707438000000
1347381748395000000
1345711959079000000
1346820209386000000
1347321828777000000
1346757251105000000
1264762877332000000
1295690221288000000
1294553222580000000
1295231855877000000
1294164427809000000
1295652700019000000
1294184987086000000
1311163413834000000
1312442809647000000
1312608766156000000
1312266080655000000
1311420209616000000
1310891016423000000
1321209231235000000
1320411023558000000
1326937626330000000
1338504140065000000
1338980297515000000
1338254239409000000
1338428698001000000
1337872463905000000
1339194960307000000
1270977377393000000
1303693108630000000
1304441361390000000
1304769042284000000
1305869560072000000
1303265087018000000
1304688144281000000
1303836850526000000
1303094603972000000
1302960870196000000
1304151028151000000
1303709081776000000
1303819580295000000
1302805157574000000
1303925440663000000
1303668165606000000
1303582784654000000
1303023193960000000
1303665830323000000
1303483617238000000
1304745231902000000
1305126767982000000
1304680405863000000
1305001313182000000
1304338647913000000
1307921510860000000
1307045652722000000
1308362277625000000
1311510146870000000
1310585666748000000
1311572023231000000
1310537137174000000
1312628045352000000
1312442364474000000
1312953674035000000
1312746312622000000
1311132251417000000
1312752702198000000
1312288941450000000
1311629245741000000
1312638790616000000
1311328179898000000
1310718895577000000
1311326109170000000
1312667592757000000
1311733509937000000
1311890759468000000
1313957380704000000
1311930794795000000
1310663224007000000
1310812744141000000
1310901357547000000
1311133543770000000
1312661475219000000
1314175303063000000
1313671571533000000
1313156934762000000
1312349079612000000
1312755476989000000
1313367400935000000
1314631893012000000
1312101973856000000
1311951466328000000
1311298323247000000
1311411302008000000
1310503009424000000
1320420315529000000
1320285688769000000
1320608911107000000
1319456249399000000
1321151585875000000
1280295805126000000
1287003013062000000
1286316850891000000
1287256110532000000
1290554225311000000
1285825261986000000
1285699693429000000
1285860027898000000
1285433088853000000
1285909348879000000
1286487767862000000
1285726228039000000
1286750613533000000
1285968306263000000
1285908646232000000
1285744923652000000
1285332196568000000
1285610825029000000
1286252970925000000
1285145134642000000
1286532733591000000
1286604712222000000
1286367413731000000
1292733422603000000
1293374793538000000
1292322828629000000
1292557441237000000
1317736814552000000
1316335969020000000
1317482868979000000
1318756272616000000
1318722734540000000
1326780642670000000
1327011584468000000
1326360983630000000
1327162746504000000
1326869247499000000
1325851981686000000
1326283565265000000
1326080833216000000
1326390050613000000
1326718452445000000
1329761046625000000
1330011961972000000
1329838620078000000
1331935750429000000
1331160496811000000
1330506845436000000
1328656895125000000
1328862261190000000
1330197930857000000
1330425804023000000
1328753539277000000
1330275624383000000
1337906852622000000
1337053800350000000
1341543760672000000
1342124909108000000
1343143061223000000
1341227187198000000
1341513361182000000
1342526440440000000
1341878957787000000
1340449607372000000
1341852860641000000
1340885810422000000
1342212218804000000
1342605031963000000
1341839341334000000
1342248755800000000
1340898077180000000
1341406338644000000
1342277800004000000
1340991649308000000
1342468246262000000
1342462680894000000
1340741318800000000
1342563087149000000
1340786544163000000
1341959657605000000
1340911982861000000
1340546088350000000
1341074489128000000
1340479258907000000
1341141121463000000
1342269847755000000
1341177172325000000
1340657820167000000
1340672814369000000
1341164146061000000
1342607292942000000
1341160814953000000
1341277961167000000
1342734782008000000
1341869785328000000
1342126913437000000
1342213313007000000
1340627024156000000
1342031121977000000
1341419040714000000
1340498532069000000
1341104918806000000
1341531693945000000
1341845180132000000
1341171107838000000
1342354164863000000
1340851057039000000
1341822083247000000
1342221420381000000
1342950013433000000
1341284023773000000
1340596392487000000
1342221308227000000
1341950812620000000
1341381621511000000
1340507727463000000
1342688049130000000
1341949899905000000
1340476047071000000
1340672641796000000
1340507951935000000
1340728130190000000
1342667365905000000
1342070281066000000
1342324749060000000
1341633770418000000
1341071839651000000
1342528671957000000
1340723740297000000
1340616477759000000
1340826330690000000
1342367905787000000
1340760804305000000
1342214917656000000
1340890189029000000
1341736679654000000
1342942524828000000
1341031148299000000
1341750266457000000
1341434961388000000
1340678468148000000
1342908216858000000
1340863940170000000
1342934382503000000
1340923536633000000
1342374405714000000
1342949451931000000
1340445765562000000
1341539437399000000
1341335077599000000
1341890084718000000
1341476938044000000
1341298578743000000
1340598312568000000
1342510046697000000
1340529902400000000
1340896699499000000
1341485232297000000
1341510090166000000
1341077869869000000
1342950092025000000
1340699038162000000
1341867176654000000
1341963119421000000
1342377401019000000
1341535593086000000
1341797836313000000
1341995968463000000
1271224333517000000
1289516120080000000
1310783042512000000
1311127670447000000
1309603132729000000
1309584143050000000
1317212837603000000
1317092874454000000
1322056063590000000
1321693882581000000
1319927625053000000
1319859382539000000
1320016873453000000
1320973674688000000
1320685102091000000
1321339115944000000
1322080501699000000
1322186094521000000
1321326346136000000
1320719405746000000
1321093446881000000
1319896663673000000
1320359824719000000
1319956496933000000
1322148372362000000
1320459208927000000
1320064117704000000
1321513812578000000
1320158826074000000
1322109699986000000
1321174601007000000
1319762592750000000
1322168276055000000
1320607717844000000
1320350916722000000
1320263886324000000
1320935320293000000
1334745538516000000
1334478511978000000
1334647574106000000
1334087296492000000
1339317684276000000
1339024986914000000
1340085275464000000
1340109419929000000
1339844987005000000
1338015513574000000
1337951909133000000
1338137449666000000
1337825337844000000
1338841703949000000
1339174585063000000
1339722134597000000
1337547184299000000
1338406957742000000
1339103735756000000
1337969752973000000
1341739929291000000
1339774067755000000
1339329135433000000
1339052448723000000
1338783913719000000
1339559054869000000
1339536682989000000
1337629373265000000
1338577440266000000
1338015922654000000
1339380983369000000
1338949482303000000
1337638468248000000
1338060665324000000
1339965247228000000
1338758732498000000
1339908928890000000
1337816404176000000
1339186720161000000
1339368127766000000
1338651068492000000
1339376187669000000
1338896624122000000
1338765772097000000
1339401310669000000
1338049552323000000
1337510183240000000
1338168047191000000
1338473532753000000
1339223208897000000
1339745518209000000
1337978539474000000
1343300177224000000
1339019120940000000
1338099106665000000
1339584806263000000
1337970380388000000
1339547590476000000
1339144733980000000
1339949604773000000
1338420226117000000
1338593088895000000
1338885005643000000
1337444653944000000
1341450334795000000
1341863420993000000
1339153372450000000
1337946220622000000
1339801012691000000
1339946210837000000
1339234501826000000
1339927496010000000
1338068796359000000
1339675729833000000
1337965618399000000
1338962092113000000
1339384697305000000
1288509217917000000
1285398298725000000
1285666688837000000
1290454814660000000
1297821366128000000
1297976892840000000
1296892130593000000
1297149020053000000
1296320522044000000
1297993340128000000
1297878870753000000
1297630586532000000
1298045590673000000
1297153706138000000
1298206603018000000
1297147514346000000
1297206557754000000
1297530933401000000
1297415740425000000
1298234068978000000
1297329027858000000
1297119166819000000
1298129123157000000
1296556935335000000
1297045735750000000
1296269694847000000
1297982690336000000
1297697122481000000
1296017983067000000
1298361615951000000
1300575048277000000
1298444598314000000
1296583936201000000
1297264805395000000
1298287831219000000
1296999557781000000
1297276190695000000
1313626580939000000
1315254619435000000
1314934421475000000
1314013980245000000
1313871528059000000
1315799452741000000
1315814013061000000
1314823305412000000
1315403037521000000
1315674195566000000
1335105826685000000
1336470832897000000
1336450258047000000
1335800833626000000
1334822783286000000
1336680400980000000
1336354299791000000
1334966000698000000
1336431193390000000
1335221752786000000
1336676722609000000
1335407497359000000
1336077414760000000
1334972581846000000
1335671219327000000
1334825118592000000
1336937366249000000
1335732179973000000
1335941478782000000
1335255900950000000
1335805882352000000
1336289783838000000
1335129170578000000
1336772749067000000
1336598981392000000
1337067829413000000
1337188456521000000
1336190759633000000
1335336717694000000
1334799502601000000
1337124105484000000
1335276238419000000
1336853199721000000
1335215119945000000
1334788517260000000
1335346337572000000
1335725881452000000
1334928434938000000
1339149944819000000
1338444052728000000
1338626513211000000
1338633905226000000
1339667241402000000
1338498830201000000
1339568239746000000
1339788343003000000
1338385721518000000
1339128924651000000
1339235017610000000
1338141698171000000
1340014107970000000
1340105409654000000
1339162537504000000
1339854198864000000
1340488120330000000
1339741731595000000
1338989663813000000
1340261439364000000
1338502878643000000
1338826670021000000
1338142369661000000
1269571994672000000
1273271564356000000
