1282417617023000000
1281110363648000000
1289369456309000000
1289212160067000000
1320281381810000000
1321727480395000000
1322393752717000000
1329770139703000000
1330926664681000000
1331247223187000000
1331593430375000000
1332474120250000000
1273533770345000000
1272233000134000000
1278907454142000000
1280993486872000000
1286088142451000000
1284538592207000000
1285838986590000000
1285331295270000000
1285671246587000000
1285950952345000000
1284411016733000000
1285275890909000000
1284429397955000000
1284353884251000000
1329992423309000000
1329988301972000000
1330414994052000000
1331037523293000000
1330366030160000000
1330505007507000000
1329710558594000000
1331274000444000000
1331651365312000000
1338143058956000000
1335959465043000000
1338059540423000000
1336467492295000000
1337762685703000000
1288351915797000000
1288676838877000000
1289630075825000000
1290302166835000000
1288888266579000000
1288430406669000000
1290329967383000000
1290765632858000000
1290303233691000000
1297449206383000000
1298563594221000000
1298496341274000000
1297012746913000000
1297338957058000000
1298514183109000000
1297691232130000000
1297907547954000000
1306012255694000000
1306266793862000000
1307018775285000000
1306511609769000000
1309170816675000000
1316634678225000000
1315249334517000000
1315812534995000000
1316069316232000000
1316015706700000000
1336482503800000000
1346182449855000000
1280486162844000000
1279128264227000000
1281444140019000000
1280939858631000000
1284435376767000000
1284944771332000000
1283857191976000000
1284816358934000000
1284663616793000000
1286368552240000000
1284276205406000000
1288187161182000000
1286905325094000000
1288666669962000000
1287947197857000000
1287986214515000000
1286835626577000000
1286796105587000000
1286702429912000000
1287309504148000000
1287601381023000000
1287859701028000000
1288257074671000000
1288783181049000000
1289110621170000000
1290041718575000000
1290395221634000000
1290087690345000000
1288124338539000000
1289332501518000000
1290337222664000000
1288777910201000000
1288953473779000000
1289524772847000000
1289083088078000000
1289262381053000000
1289126884574000000
1290170184337000000
1289363170815000000
1289822023628000000
1304282901327000000
1303681761032000000
1304114297701000000
1303946575361000000
1302900938897000000
1320038526645000000
1320233951127000000
1320913560338000000
1320485078078000000
1318766741805000000
1318668770530000000
1320234711873000000
1318961733689000000
1320661991604000000
1320116513830000000
1321015075195000000
1318747115868000000
1318762139855000000
1318689129714000000
1320698272204000000
1321491167886000000
1319791339418000000
1318869410009000000
1321041321464000000
1319702593684000000
1319919239935000000
1320631601697000000
1319809691689000000
1318680258724000000
1319381005470000000
1320126449311000000
1327419617853000000
1327634507634000000
1327653913771000000
1327875349694000000
1326605213572000000
1328000555725000000
1327261859519000000
1328234138461000000
1328119478296000000
1335043045957000000
1337389990762000000
1337171547765000000
1337410326273000000
1336798972457000000
1335837180032000000
1335089970414000000
1336570238929000000
1337360007573000000
1335750773644000000
1336360445289000000
1335995257910000000
1337189613586000000
1336303958246000000
1336890050712000000
1335205750462000000
1335844878834000000
1335917873663000000
1336474596106000000
1336920844889000000
1336414628920000000
1337324941893000000
1337417077757000000
1336283830507000000
1336682867278000000
1336785598808000000
1335781657803000000
1336627724475000000
1335019213436000000
1335427275650000000
1335813063739000000
1337495834480000000
1336523935093000000
1335072748569000000
1346874740704000000
1346990318781000000
1347458078429000000
1346997830839000000
1274031707623000000
1275913345495000000
1276141437434000000
1276005447014000000
1274762923199000000
1285009093130000000
1287365502507000000
1288204671743000000
1286846034649000000
1285788804012000000
1286799123781000000
1284996914190000000
1286788523808000000
1287189169052000000
1287157535718000000
1285949485889000000
1286580792352000000
1286566776834000000
1286456693098000000
1295249080628000000
1295713592677000000
1295147255679000000
1296475777281000000
1296718556720000000
1297164961588000000
1298165304816000000
1296719660025000000
1325295563620000000
1324789444797000000
1324814955014000000
1326042149916000000
1325450003316000000
1342401694654000000
1342245712978000000
1340909009995000000
1342358902367000000
1342074196769000000
1343463947995000000
1342061703004000000
1342112756164000000
1343847679403000000
1343383195877000000
1342753368070000000
1343200006534000000
1341692963560000000
1342288158186000000
1343735288755000000
1343513652379000000
1343511305062000000
1342098941706000000
1342892615151000000
1342692373052000000
1342532343056000000
1341701153968000000
1342583878078000000
1344186422155000000
1343276381730000000
1343569312216000000
1341966575998000000
1342793589221000000
1344110226700000000
1342910683366000000
1342909768453000000
1344148678167000000
1343520457584000000
1342183024109000000
1342692716517000000
1342806230004000000
1341918092510000000
1345100363390000000
1345174190933000000
1344725916161000000
1344900445516000000
1344867453727000000
1344208754048000000
1344296899841000000
1345329167831000000
1343225176996000000
1345233180444000000
1345045161826000000
1344124692913000000
1344246926731000000
1345457870076000000
1344069887613000000
1345451570317000000
1270693516606000000
1270404737872000000
1271546867653000000
1271737068659000000
1270441600452000000
1272013368667000000
1271406254774000000
1274401415787000000
1275385950573000000
1274484954555000000
1306072936933000000
1304719480328000000
1306325208619000000
1304733749087000000
1304967212781000000
1306019406531000000
1306449546985000000
1305008873404000000
1306211819238000000
1304427496481000000
1304611322142000000
1305827785292000000
1306266723756000000
1304311645503000000
1305119333866000000
1304706669074000000
1306247837044000000
1306615095558000000
1304140354307000000
1304856364789000000
1305324887210000000
1306260324127000000
1307593629448000000
1309217517716000000
1310053028993000000
1308711374895000000
1314519104570000000
1316284460780000000
1314937985112000000
1315144125645000000
1314407785145000000
1314781695599000000
1314454633995000000
1315617101248000000
1314387317512000000
1316393958944000000
1315365591490000000
1315186877334000000
1314494026819000000
1316599384906000000
1315213585679000000
1315431807208000000
1316554634758000000
1314163928240000000
1320249663684000000
1321050578558000000
1320552334259000000
1321429130248000000
1320522151857000000
1320699807114000000
1320813913218000000
1334723559576000000
1335072578201000000
1337003308548000000
1337637141540000000
1337935201940000000
1338083084888000000
1336464606906000000
1338010072389000000
1337896014943000000
1347359395206000000
1346921112548000000
1346220561497000000
1345758320775000000
1289896099957000000
1301787988365000000
1300678296372000000
1301815309908000000
1300459566408000000
1301217911186000000
1302003562622000000
1308544807488000000
1309125522384000000
1308208686296000000
1308955824695000000
1310146174299000000
1308049149626000000
1310167797605000000
1310010504015000000
1310029895559000000
1308953501406000000
1309187722741000000
1309537947625000000
1310087674734000000
1308040763724000000
1308178463652000000
1307381657661000000
1306858968145000000
1311781394869000000
1313567179324000000
1311412657691000000
1312166419248000000
1312595442937000000
1313344943279000000
1313422746628000000
1312326618472000000
1312577268033000000
1312545012611000000
1315595590582000000
1311885982787000000
1312855894920000000
1312863872594000000
1312358163626000000
1311239888541000000
1312359036325000000
1312078209781000000
1329619622848000000
1330081438814000000
1328701619409000000
1329061343326000000
1328918164054000000
1330119677734000000
1328175257525000000
1329842391328000000
1329546797861000000
1327942190728000000
1328830236539000000
1328938807290000000
1330303131606000000
1329029752195000000
1330411547247000000
1298596582920000000
1300482161438000000
1299914116370000000
1300697249117000000
1296720223589000000
1298381492774000000
1298422999557000000
1297710076185000000
1298022734529000000
1296983906577000000
1297308971534000000
1296186339721000000
1298307813357000000
1303646152772000000
1335624997459000000
1337492069969000000
1335771367588000000
1337360223238000000
1336009063101000000
1337251642481000000
1335498216388000000
1336528770254000000
1340248970606000000
1340489788870000000
1341813645790000000
1341040484341000000
1340629513497000000
1342075309505000000
1341016017185000000
1342760598949000000
1342489041061000000
1341184475492000000
1341118073012000000
1341741444912000000
1341534098870000000
1342700036970000000
1342560921157000000
1340495461159000000
1341039199654000000
1340716986347000000
1342417614490000000
1340561664461000000
1340287719076000000
1342059649689000000
1341428176133000000
1341972577975000000
1294784519760000000
1293428809462000000
1295594099456000000
1293376562842000000
1294362056313000000
1294419540222000000
1293880663302000000
1293421789755000000
1294076113290000000
1293558164904000000
1293614456034000000
1294275836492000000
1320529120652000000
1319025316317000000
1283369776656000000
1283348293307000000
1295221402522000000
1295008229012000000
1294567622605000000
1295223166410000000
1294843648563000000
1293599018936000000
1293598254640000000
1293767676804000000
1312154316023000000
1310681266336000000
1312041194374000000
1312799994087000000
1312908047634000000
1312488380453000000
1310790064100000000
1312507900983000000
1311742679636000000
1312095894255000000
1312778465858000000
1311335102233000000
1310859687742000000
1313132702864000000
1313154212299000000
1312027903825000000
1312331170361000000
1311071976631000000
1316124002425000000
1312869334849000000
1313999860964000000
1311731891106000000
1311022945544000000
1311593271052000000
1317054441294000000
1311129759811000000
1312382728152000000
1311943694492000000
1312053086371000000
1311672854349000000
1311449748756000000
1310801318206000000
1311420690484000000
1312543167536000000
1312316425927000000
1312741583883000000
1311221282675000000
1312724649507000000
1310811132241000000
1311024857163000000
1310686522293000000
1317703825275000000
1317196651811000000
1317348341144000000
1317192909754000000
1346200710474000000
1346897310932000000
1346353021415000000
1344733258119000000
1346753381022000000
1346065976967000000
1344743242153000000
1345113040003000000
1346000637424000000
1345510589646000000
1346494659862000000
1344751102631000000
1345448312551000000
1346142990871000000
1346812883297000000
1344673695207000000
1346947007595000000
1344653140425000000
1346340673028000000
1345510842596000000
1346260523810000000
1347050959442000000
1344605970993000000
1344637871645000000
1346926751956000000
1344541899013000000
1345016007835000000
1345742518758000000
1344442670762000000
1345212219200000000
1345397412619000000
1343265005710000000
1343572867461000000
1290727024162000000
1294221875946000000
1292239162283000000
1301417175447000000
1303355652639000000
1303264488932000000
1301519549649000000
1302300532382000000
1314926861971000000
1313888052083000000
1313541383367000000
1313557847663000000
1314094815626000000
1314131934827000000
1313468142690000000
1314451883395000000
1314425272014000000
1313831419049000000
1314042562429000000
1315165191420000000
1315357726032000000
1314512291607000000
1313832020900000000
1314952244023000000
1314359441887000000
1313265531754000000
1313941590258000000
1314680997089000000
1313136504924000000
1313353247024000000
1315245140951000000
1314028468721000000
1314154660624000000
1313695641314000000
1315218835476000000
1313255483670000000
1314769998272000000
1314507262963000000
1314822352311000000
1315254988172000000
1315288068426000000
1340291316650000000
1340894785751000000
1341089931889000000
1342549637847000000
1340549726331000000
1342454994380000000
1341064529242000000
1342130304933000000
1341680488615000000
1340687401750000000
1340842885065000000
1340609517802000000
1341823337056000000
1341680448495000000
1340688277633000000
1341519608500000000
1340133271909000000
1341143003813000000
1340382501218000000
1340115503278000000
1341665720705000000
1340809681570000000
1340737576180000000
1341923575206000000
1340103729752000000
1340926910547000000
1341829026756000000
1341586931737000000
1340302450270000000
1341441517443000000
1341783261094000000
1264335015971000000
1280503193298000000
1278768279015000000
1280652362412000000
1278256036647000000
1298228062544000000
1297520459482000000
1297003463030000000
1297667595930000000
1296921261750000000
1297577859755000000
1300481131517000000
1300990121485000000
1309468227113000000
1310463372833000000
1310625033894000000
1310317056757000000
1309030967975000000
1316600972731000000
1315611794026000000
1315292361003000000
1314884560566000000
1322381690269000000
1322454957369000000
1323128759053000000
1323583578618000000
1324832218894000000
1326801972583000000
1323933107458000000
1323940099099000000
1324003337585000000
1323994886362000000
1322726987353000000
1323369150747000000
1322281094392000000
1322246357006000000
1340502521952000000
1340868198923000000
1340104468228000000
1340619735619000000
1340191771411000000
1341810761373000000
1339512377549000000
1340507602591000000
1341329510299000000
1340332656187000000
1339983664863000000
1341618461264000000
1340828811407000000
1340282942994000000
1340138524166000000
1340224656110000000
1341569503601000000
1341195754962000000
1341197846222000000
1340536765844000000
1341897375794000000
1341811297734000000
1342077477218000000
1341263967303000000
1340914666754000000
1341851079765000000
1342304202529000000
1272371986561000000
1287392413313000000
