1347050959442000000
1340416112894000000
1318881828512000000
1308205605353000000
1322670571219000000
1317602733209000000
1345758320775000000
1340495461159000000
1285275890909000000
1312382728152000000
1274189161083000000
1317562088828000000
1316386068189000000
1319128631567000000
1344418830225000000
1346704412714000000
1275740589381000000
1320141290496000000
1320379433737000000
1329376763761000000
1303606699799000000
1303249597105000000
1339305943259000000
1342329775358000000
1274724488792000000
1339949604773000000
1319617863102000000
1291340051891000000
1291018065706000000
1322361077882000000
1301138230048000000
1314987601031000000
1269702023704000000
1324063792112000000
1327530996341000000
1271303692020000000
1306838658533000000
1347294078972000000
1319163895585000000
1282940327411000000
1294984178237000000
1307926382103000000
1316863546190000000
1315195084034000000
1336371065275000000
1323475512985000000
1273689783340000000
1345045161826000000
1312863872594000000
1293614456034000000
1311943694492000000
1345242872176000000
1344916967105000000
1312196499233000000
1312204120441000000
1336682867278000000
1344659362863000000
1327890640442000000
1310730203496000000
1333022139687000000
1334270315378000000
1342985473496000000
1340585082307000000
1336785598808000000
1327364497829000000
1324861900366000000
1329453015061000000
1330166738099000000
1345009710813000000
1284429397955000000
1286566776834000000
1318055333902000000
1265014948449000000
1298112634318000000
1273635229895000000
1307870691544000000
1320350916722000000
1338989663813000000
1273850158630000000
1297008045155000000
1326751736997000000
1323143271349000000
1343962588949000000
1282644594225000000
1307069795010000000
1344199508713000000
1313255483670000000
1317247818625000000
1300068985148000000
1338420226117000000
1300575048277000000
1324188167133000000
1305896743079000000
1335781657803000000
1340809681570000000
1333442071439000000
1343618348731000000
1327226956606000000
1342481705794000000
1341197856022000000
1326325621266000000
1330044047383000000
1332901853788000000
1337716258934000000
1328468675960000000
1341966575998000000
1343272717200000000
1338055078717000000
1340737576180000000
1347490369105000000
1338593088895000000
1336289783838000000
1338488265994000000
1331023374858000000
1330374335243000000
1334686842593000000
1342182414272000000
1347434226612000000
1341911029841000000
1342358902367000000
1344124692913000000
1343265005710000000
1334254702266000000
1341781923128000000
1344902717324000000
1334311791441000000
1335069389623000000
1340612158977000000
1347439726584000000
1343792110842000000
1339237578437000000
1340421078425000000
1345736575694000000
1341750266457000000
1338885005643000000
1338860422568000000
1340228326725000000
1338202348856000000
1346465942830000000
1344741738343000000
1342356589702000000
1346911361872000000
1339357467175000000
1346418309612000000
1347525785427000000
1334173178113000000
1341747860534000000
1345154195183000000
1346641127550000000
1327206769902000000
1325878918672000000
1346909829828000000
1285996489433000000
1323767216737000000
1296660186050000000
1309234317525000000
1342135514913000000
1292391294102000000
1303361795280000000
1324116912646000000
1287685862411000000
1334462295125000000
1343815300242000000
1325017644135000000
1281556319474000000
1327305505049000000
1347473284407000000
1343614015143000000
1285908646232000000
1315949883899000000
1304645247444000000
1337444653944000000
1327526531726000000
1333191759658000000
1290329967383000000
1304706669074000000
1323994886362000000
1293553784259000000
1308382841932000000
1341434961388000000
1313361158567000000
1343204530769000000
1292785329278000000
1341585151533000000
1323373535002000000
1311207628881000000
1286432898996000000
1317488873109000000
1330053509757000000
1334259170792000000
1317744941153000000
1337257629661000000
1329166381965000000
1290527979460000000
1305249399524000000
1293486695123000000
1308157185598000000
1292134993256000000
1285744923652000000
1298650726152000000
1334671887708000000
1296329386513000000
1298444598314000000
1344657560760000000
1323777086989000000
1344048553901000000
1295223166410000000
1325964034181000000
1293052345311000000
1335599498040000000
1293475889476000000
1290586350226000000
1292322828629000000
1329838620078000000
1335917351704000000
1323945627152000000
1341064793550000000
1315181980347000000
1273625712941000000
1274482568791000000
1270601412662000000
1284650055914000000
1344566959288000000
1347106771539000000
1271066120634000000
1288866013507000000
1307997898136000000
1293926305330000000
1340678468148000000
1333899029314000000
1311595098352000000
1314497792968000000
1327711136421000000
1333731576711000000
1319165912927000000
1306609371179000000
1298462656335000000
1326812009122000000
1324649328643000000
1294198713009000000
1338004256672000000
1344605970993000000
1295679576441000000
1285332196568000000
1334954265393000000
1347082925030000000
1335464543132000000
1312053086371000000
1327296421404000000
1331485374104000000
1336049711250000000
1321454172165000000
1345359566824000000
1324729938485000000
1334615466988000000
1343905036584000000
1324941421703000000
1337794316489000000
1335580328034000000
1342793589221000000
1341101022325000000
1335356716267000000
1346929676847000000
1346635332484000000
1347035231651000000
1344881084992000000
1344296975398000000
1286835626577000000
1344637871645000000
1298222326569000000
1287980506553000000
1296583936201000000
1294386497002000000
1295263964458000000
1289661746986000000
1334660473940000000
1345356953197000000
1342908216858000000
1324031672922000000
1275520905996000000
1346926751956000000
1292464106888000000
1296363511808000000
1330288058196000000
1303463843618000000
1340624575560000000
1339252534559000000
1289960296499000000
1314823305412000000
1333111505265000000
1342889912354000000
1342694522857000000
1337672508694000000
1273139854662000000
1306922134734000000
1287564131430000000
1283854642703000000
1294465074903000000
1296186339721000000
1311672854349000000
1292869638758000000
1317108429857000000
1292406326496000000
1347331558881000000
1286599722400000000
1345143318998000000
1308729926992000000
1340863940170000000
1335218442534000000
1339169008811000000
1316275370508000000
1287803699488000000
1324835198221000000
1308591155479000000
1281212499588000000
1313223392737000000
1284816358934000000
1306247837044000000
1340536765844000000
1327992034617000000
1345432029781000000
1283406450206000000
1337722058367000000
1333476857985000000
1305767749563000000
1310183370897000000
1304680405863000000
1306985069803000000
1326512010592000000
1340269980290000000
1298121493321000000
1287975025903000000
1331474915231000000
1325609170533000000
1333448613393000000
1319411027154000000
1323444218109000000
1343123663853000000
1345621039392000000
1311449748756000000
1290349271636000000
1330201790701000000
1297012746913000000
1314769998272000000
1332167303963000000
1333891258621000000
1328568701554000000
1338690437419000000
1326869247499000000
1331935750429000000
1322343930732000000
1310948565324000000
1315805417923000000
1318095654943000000
1334519104533000000
1326597284642000000
1343160443670000000
1306615095558000000
1316320151926000000
1331356772956000000
1324360200149000000
1327012464425000000
1334471324505000000
1335638050548000000
1332168826203000000
1341221872319000000
1341039199654000000
1346992275591000000
1345247164099000000
1337872463905000000
1342934382503000000
1332234239562000000
1338789492866000000
1333319128563000000
1338104384085000000
1342887282419000000
1341450334795000000
1340923536633000000
1301001183078000000
1272233000134000000
1297338957058000000
1284663616793000000
1288953473779000000
1320778709528000000
1346443879577000000
1283012909342000000
1292417378292000000
1347088866195000000
1295928175532000000
1267999534923000000
1274641121815000000
1318043091186000000
1308473955534000000
1347014360106000000
1337951909133000000
1297264805395000000
1333506118457000000
1326551307547000000
1323301820286000000
1296686180762000000
1287711795706000000
1342929224314000000
1279956438904000000
1285656186653000000
1306801439921000000
1319679936971000000
1324572103556000000
1300785429847000000
1270475991602000000
1305441947717000000
1318758466851000000
1327233222923000000
1277506104192000000
1303794233814000000
1342374405714000000
1324237803993000000
1307474280378000000
1346511241221000000
1327912467602000000
1339803266519000000
1334147251817000000
1308422518713000000
1335331936448000000
1336627724475000000
1334145380890000000
1289524772847000000
1320631601697000000
1274484954555000000
1298307813357000000
1310801318206000000
1314507262963000000
1319521005532000000
1344377886805000000
1316406788927000000
1327479673029000000
1282511840395000000
1329487734399000000
1342561256649000000
1287997212088000000
1342949451931000000
1338137449666000000
1282625997998000000
1296884656665000000
1303312627034000000
1344504061089000000
1312687800662000000
1327751114575000000
1311539664581000000
1307983409369000000
1295634487111000000
1338742445539000000
1320007732396000000
1343873784663000000
1281662586724000000
1305825447145000000
1279958997016000000
1274477671247000000
1308397706280000000
1311420690484000000
1313909804856000000
1303652622072000000
1281161980819000000
1317659170268000000
1329521454039000000
1311580439270000000
1303338796363000000
1299267195836000000
1279649198968000000
1317851881462000000
1317902115430000000
1297552625038000000
1343679255314000000
1330756997822000000
1334787640651000000
1329763720376000000
1329736921811000000
1323103055540000000
1335019213436000000
1341897375794000000
1313445178456000000
1314410365027000000
1342850328149000000
1330351811354000000
1335282861435000000
1341985695155000000
1333711784179000000
1337028862695000000
1341013812230000000
1324574596754000000
1286368552240000000
1289083088078000000
1317192909754000000
1327145112976000000
1346002098427000000
1316028577006000000
1313827923358000000
1290836690481000000
1282017871549000000
1312522529935000000
1314092690076000000
1328738583326000000
1279627845803000000
1284073937130000000
1342857858708000000
1283574818581000000
1283757249791000000
1329042777193000000
1299097489696000000
1306916363675000000
1334397083086000000
1300332770231000000
1305826644406000000
1334143911634000000
1310663224007000000
1285610825029000000
1330208837260000000
1340667754831000000
1302106912413000000
1307121090713000000
1295058325440000000
1317169960573000000
1340716986347000000
1292516724633000000
1287734174282000000
1308855046344000000
1310503009424000000
1335129170578000000
1333092409630000000
1330911792518000000
1316015706700000000
1316554634758000000
1344541899013000000
1328348726938000000
1318173206917000000
1292308943290000000
1287395158995000000
1294608423351000000
1319702708516000000
1296425953769000000
1314878372096000000
1292557441237000000
1340445765562000000
1326280401161000000
1297836914999000000
1345704590384000000
1326580131211000000
1297039239084000000
1288440093654000000
1334127980235000000
1299817912365000000
1344234490168000000
1325147690667000000
1347344909417000000
1342497609001000000
1317316513325000000
1340738733044000000
1326481039720000000
1327893743079000000
1347259920462000000
1320202326662000000
1324731652385000000
1319021152027000000
1335433272373000000
1330159972015000000
1310812744141000000
1341539437399000000
1336772749067000000
1336200079707000000
1312625038663000000
1328240316855000000
1320206035836000000
1312358191380000000
1317021745199000000
1317331335535000000
1334637521729000000
1321398788073000000
1321000355369000000
1327237487729000000
1344924473381000000
1332579734871000000
1344611827836000000
1323840674756000000
1333910737409000000
1327323880196000000
1342474816647000000
1328000555725000000
1341923575206000000
1325362135605000000
1328474081742000000
1337257506698000000
1329314555593000000
1333944980507000000
1344989798169000000
1338520633419000000
1325854063740000000
1325851981686000000
1331160496811000000
1319954301623000000
1326356871303000000
1338728332116000000
1344756885557000000
1335518706682000000
1329620175799000000
1335660607355000000
1320424739653000000
1328270922750000000
1319605555006000000
1343752675611000000
1328599965045000000
