1319791339418000000
1314680997089000000
1294496463833000000
1323899986113000000
1294259746100000000
1343235963229000000
1306819397995000000
1316124002425000000
1327685683088000000
1330607906295000000
1330117375509000000
1347456767317000000
1338651068492000000
1338611444526000000
1333596829907000000
1343023229979000000
1329493685420000000
1333536875666000000
1339829105010000000
1347230553148000000
1325450003316000000
1323267935404000000
1325576313872000000
1319304532821000000
1315235220036000000
1316274087891000000
1331600931064000000
1309763547834000000
1309470852384000000
1329980421323000000
1317185046729000000
1316684644200000000
1310235709911000000
1312266080655000000
1311326109170000000
1316335969020000000
1340105409654000000
1321940204634000000
1303471342855000000
1312701211022000000
1318937037337000000
1335942831109000000
1306307012621000000
1326690613359000000
1308238613237000000
1323559513486000000
1317342330534000000
1307712285468000000
1316998191740000000
1334774799367000000
1343873938877000000
1310066000231000000
1334754196181000000
1325013998607000000
1317582684079000000
1324213214927000000
1344231033828000000
1330928614160000000
1342354164863000000
1317414284998000000
1323488940946000000
1315972050611000000
1324580037292000000
1305681294970000000
1337573676162000000
1344415564006000000
1346675096260000000
1326979990831000000
1340578497486000000
1323344667057000000
1297616175249000000
1303904662277000000
1307857875940000000
1340431589070000000
1303668165606000000
1340851057039000000
1328503128349000000
1340027600897000000
1336660055391000000
1342532343056000000
1299079203841000000
1307676334031000000
1336035610630000000
1326652087283000000
1323914903517000000
1320424061014000000
1337775665789000000
1308756948613000000
1292958805497000000
1336689694355000000
1323373329885000000
1341822083247000000
1328535236393000000
1342221420381000000
1345611675758000000
1286788523808000000
1344867453727000000
1317196651811000000
1327627035793000000
1326552711172000000
1345583856461000000
1315587141158000000
1286681647025000000
1295649396870000000
1343418013371000000
1305244463088000000
1311783874335000000
1314037080828000000
1320850066169000000
1317487238358000000
1324315774789000000
1331629934243000000
1282532673144000000
1287514130642000000
1341756370235000000
1282666531829000000
1295574732734000000
1342991460957000000
1318869410009000000
1312869334849000000
1327636577642000000
1321694263127000000
1309601695699000000
1347411956652000000
1327857371641000000
1322375569467000000
1347065607674000000
1324941591318000000
1307948786086000000
1306688402665000000
1308583927917000000
1335407497359000000
1328102099224000000
1336491389622000000
1336303958246000000
1344653140425000000
1347035763613000000
1334953786330000000
1343615803570000000
1343868044116000000
1331138925534000000
1347035860048000000
1342950013433000000
1328181915866000000
1340116118400000000
1332772679573000000
1335645434187000000
1343495904761000000
1332692001716000000
1336166804153000000
1303817315056000000
1339376187669000000
1311951714556000000
1324993886787000000
1340382501218000000
1323933107458000000
1316754382256000000
1324667823006000000
1322109699986000000
1336077414760000000
1312692028754000000
1341155877251000000
1342912102834000000
1315163164775000000
1323412837464000000
1330720894154000000
1333556763147000000
1332921226653000000
1319043535770000000
1340414385857000000
1341909320193000000
1341284023773000000
1321174601007000000
1324462446599000000
1329234148976000000
1335223183484000000
1330081862402000000
1324746610058000000
1344887193227000000
1326650843464000000
1281964442941000000
1294076113290000000
1273966583001000000
1296892130593000000
1336244815468000000
1327403273149000000
1346750436805000000
1296247375842000000
1271747594222000000
1342885866408000000
1313136504924000000
1319037358324000000
1286089004221000000
1344562894263000000
1308419714802000000
1326182311038000000
1341428988379000000
1340596392487000000
1338896624122000000
1297149020053000000
1334972581846000000
1335936530036000000
1321145188482000000
1312400845652000000
1277331405649000000
1343502098503000000
1319930988405000000
1336276082779000000
1341350053602000000
1315813383556000000
1293072435916000000
1288124338539000000
1321041321464000000
1304889558263000000
1315735131178000000
1324766602414000000
1294777118914000000
1317061336988000000
1304838661303000000
1282885131866000000
1304951976839000000
1327317703796000000
1312447543215000000
1329777861713000000
1336629169844000000
1342221308227000000
1326712377775000000
1303678978711000000
1327959218822000000
1323107598374000000
1307717099570000000
1319358790167000000
1323602500066000000
1294456527125000000
1347134534862000000
1322780052116000000
1297200935300000000
1301880611313000000
1333837655084000000
1307895255968000000
1329970119017000000
1347239362658000000
1321663912694000000
1309247763916000000
1341950812620000000
1333257297560000000
1331499055789000000
1306054420489000000
1336890050712000000
1313999860964000000
1327737215899000000
1321469696834000000
1330814418032000000
1318483110699000000
1330197930857000000
1341381621511000000
1338765772097000000
1323648603981000000
1329552194311000000
1347289780561000000
1318722489722000000
1333614231608000000
1343914239495000000
1339401310669000000
1340787464104000000
1342419144404000000
1328709185731000000
1324255535524000000
1323940099099000000
1289130959290000000
1325626136509000000
1295617682005000000
1319762592750000000
1298354042080000000
1312745956888000000
1322877788634000000
1284357259746000000
1272586500299000000
1305697223417000000
1294605142092000000
1285671246587000000
1294687608863000000
1298642840242000000
1335205750462000000
1315186877334000000
1311731891106000000
1340828811407000000
1313829801541000000
1344556096944000000
1341570682895000000
1303582784654000000
1328530978713000000
1328295405774000000
1332734939993000000
1313353247024000000
1291914500320000000
1303510593820000000
1340507727463000000
1315245140951000000
1317950601253000000
1342167496888000000
1336247820909000000
1326615760793000000
1335193781289000000
1309997012893000000
1314494026819000000
1311022945544000000
1317348341144000000
1315498813531000000
1345088134886000000
1335431897752000000
1326929695036000000
1342174656207000000
1342236112745000000
1344040504882000000
1345601957053000000
1323389448928000000
1335069164248000000
1317575781028000000
1329870116451000000
1344208754048000000
1296880917346000000
1344291238062000000
1273336265515000000
1312667592757000000
1273059875333000000
1312391065501000000
1329797873671000000
1297084601352000000
1318663573720000000
1340282942994000000
1347042448237000000
1338527139392000000
1340000472181000000
1340836764125000000
1335621557583000000
1341937801967000000
1342688049130000000
1315812534995000000
1316599384906000000
1314028468721000000
1326988928694000000
1274587135036000000
1283678384411000000
1305365490458000000
1294284050816000000
1295302635718000000
1299604952188000000
1288188737730000000
1273711629951000000
1347381428591000000
1311733509937000000
1293374793538000000
1341949899905000000
1338049552323000000
1339162537504000000
1296554468760000000
1323397876643000000
1274291235836000000
1274508414478000000
1327553844830000000
1324919239686000000
1290045875729000000
1324537106829000000
1287466635966000000
1334854027243000000
1284276715195000000
1343931360179000000
1298171138633000000
1347298555337000000
1282853387414000000
1344611721717000000
1335105319227000000
1326843302083000000
1306605041078000000
1311890759468000000
1337510183240000000
1344551000993000000
1332996459804000000
1322849711617000000
1306901217723000000
1287817703773000000
1322729838840000000
1303946575361000000
1335844878834000000
1319025316317000000
1340138524166000000
1320859728859000000
1324864611865000000
1334528857070000000
1341975969861000000
1330425804023000000
1340476047071000000
1338168047191000000
1330459593397000000
1314177678902000000
1312484702349000000
1342248535813000000
1336324437989000000
1315128335971000000
1347167446472000000
1316336742810000000
1322663348143000000
1329823495127000000
1346970796333000000
1331081173033000000
1312851018018000000
1342580897060000000
1298619887950000000
1332756994277000000
1309727795137000000
1305759987040000000
1313292133240000000
1343152787320000000
1332233238785000000
1336421649354000000
1325017922960000000
1311118369210000000
1334247767686000000
1305195009480000000
1307975479879000000
1330811616643000000
1296502309558000000
1321727480395000000
1306266723756000000
1326838525698000000
1303023193960000000
1338473532753000000
1328605279560000000
1313569025989000000
1327360545523000000
1337951928227000000
1298486098271000000
1327553226141000000
1336434380140000000
1306142838686000000
1307286004833000000
1335917873663000000
1344511241418000000
1332479814073000000
1340672641796000000
1329853229424000000
1342868672180000000
1346664588745000000
1339590515792000000
1334490657201000000
1341184475492000000
1347327517353000000
1346703955655000000
1344485431179000000
1346769953253000000
1283025490572000000
1341536325400000000
1326982618932000000
1339414841104000000
1317465553563000000
1312740555411000000
1298625013699000000
1341338189013000000
1306739201552000000
1346825668697000000
1332530338076000000
1314884836884000000
1328674520931000000
1335557013854000000
1331575436928000000
1324655068629000000
1303327016354000000
1336474596106000000
1343152605474000000
1340507951935000000
1326869411787000000
1330190357809000000
1335471338348000000
1326858242478000000
1336865375280000000
1329507947013000000
1339263421873000000
1336131060850000000
1335873120205000000
1334775545516000000
1345972503273000000
1346484433225000000
1335243564134000000
1334933745767000000
1342990306090000000
1274109615470000000
1341631779942000000
1303665830323000000
1274810186887000000
1306540694020000000
1308711374895000000
1300678296372000000
1310010504015000000
1312545012611000000
1341118073012000000
1314154660624000000
1342304202529000000
1289394426193000000
1313950752489000000
1296955998038000000
1318452409334000000
1316282157704000000
1291869547002000000
1286846178853000000
1304135986315000000
1343719624655000000
1330058029023000000
1347064698056000000
1309557385982000000
1282430470184000000
1284898577433000000
1316744340543000000
1315078374803000000
1314631893012000000
1340728130190000000
1339844987005000000
1339223208897000000
1296320522044000000
1296556935335000000
1335671219327000000
1339075194948000000
1320031920872000000
1297111013884000000
1290677086556000000
1301964473987000000
1306830135747000000
1284614378491000000
1293812836889000000
1294842060466000000
1342374163927000000
1288862831436000000
1338061178197000000
1284430590930000000
1280260310742000000
1343359930387000000
1277731385835000000
1325395483858000000
1306360321772000000
1340652028568000000
1282038039043000000
1315089532658000000
1327080086047000000
1332180212467000000
1287853230381000000
1345629518536000000
1287852742701000000
1311593271052000000
1326695961311000000
1328173444324000000
1343222764207000000
1328791568092000000
1318824203917000000
1310553681623000000
1319658398321000000
1317792786567000000
1344296899841000000
1323623268139000000
1313957380704000000
1314482793404000000
1331158260400000000
1319702593684000000
1315595590582000000
1317054441294000000
1334631566324000000
1324492279731000000
1334995904905000000
1330336884057000000
1320774180933000000
1318377022624000000
1330623112556000000
1328496426745000000
1342893596260000000
1342667365905000000
1339745518209000000
1328211560922000000
1325581162161000000
1329920489360000000
1326767516773000000
1342607989185000000
1332061946902000000
1332760176690000000
1316664478043000000
1333177015783000000
1323100360542000000
1340827952470000000
1340985122798000000
1346613793179000000
1347463238320000000
1342562826306000000
1330695063936000000
1344888545726000000
1339094445829000000
1339659578546000000
1344221647129000000
1345329167831000000
1283640513090000000
1346711108679000000
1345693227434000000
1334289887045000000
1328963556944000000
1315560198583000000
1311558702867000000
1335195193783000000
1336088893426000000
1268118075112000000
1323614839743000000
1311930794795000000
1342070281066000000
1333757127469000000
1341701153968000000
1346636550676000000
1309236667571000000
1306339533717000000
1303483617238000000
1328698822762000000
1339700118140000000
1324608127743000000
1318643807563000000
1307567739562000000
1339747470045000000
1301815309908000000
1325645158579000000
1321181332816000000
1303561270937000000
1341258262063000000
1307838089355000000
1337097366107000000
1341756293425000000
1307919582357000000
1325574139676000000
1309793707541000000
1323671875766000000
1334891594085000000
1310101361033000000
1321705134646000000
1330772981552000000
1343955651312000000
