1342098941706000000
1320779431933000000
1293421789755000000
1313154212299000000
1270707764311000000
1330179427778000000
1306462310227000000
1325171060549000000
1267878020312000000
1267862091890000000
1325341768307000000
1307451008454000000
1292950965427000000
1322867533477000000
1312027903825000000
1326403633879000000
1334744259932000000
1320319431968000000
1322913928224000000
1335327114012000000
1321431624247000000
1346127851360000000
1319113849872000000
1330228431465000000
1346845738474000000
1317228265732000000
1335717544608000000
1265810681991000000
1291099171162000000
1332118149407000000
1299443105047000000
1264762877332000000
1327414138031000000
1327966387754000000
1326574989521000000
1322859019430000000
1286666927163000000
1343334210855000000
1324356338267000000
1334800339170000000
1322148372362000000
1307609587687000000
1331037523293000000
1314387317512000000
1297544925556000000
1327867876271000000
1308244158930000000
1330675324389000000
1322743286421000000
1297741544634000000
1311780486990000000
1323404563784000000
1310141251258000000
1345147950883000000
1299462026789000000
1339702734575000000
1297951316391000000
1345719888147000000
1287354382569000000
1287897515170000000
1288031574662000000
1295231855877000000
1317736814552000000
1341160814953000000
1304438685135000000
1298047862828000000
1339044702276000000
1313402637868000000
1321541414949000000
1295076481225000000
1307316015906000000
1289070524041000000
1337223524691000000
1324811488338000000
1293086806480000000
1303207400542000000
1293400655045000000
1293729523962000000
1324157184081000000
1326021058947000000
1347029423470000000
1296184582196000000
1334449062885000000
1340459102276000000
1309670848749000000
1328959489537000000
1297162874214000000
1310228299882000000
1290112672392000000
1286487767862000000
1320459208927000000
1302091333770000000
1325056105005000000
1323625767218000000
1343257247008000000
1343723515419000000
1319313039054000000
1324213111226000000
1303452900996000000
1310053028993000000
1345212219200000000
1315165191420000000
1345126278178000000
1315893331316000000
1333759337525000000
1325748349784000000
1322091516460000000
1340885647253000000
1308300548792000000
1317925700781000000
1332803879343000000
1307830114509000000
1320373397745000000
1331271646935000000
1308862050781000000
1338044961969000000
1330853865119000000
1319725639480000000
1321064836833000000
1331111959784000000
1307834133192000000
1330335356282000000
1323376960160000000
1336025816033000000
1342976322386000000
1343068752000000000
1343603927108000000
1310733622042000000
1334846512880000000
1346281719120000000
1321027188068000000
1307733491205000000
1344080974190000000
1319221813276000000
1347243300147000000
1314013980245000000
1327798706509000000
1335532613704000000
1334439090185000000
1320380286454000000
1344563019010000000
1324616135271000000
1340507602591000000
1328779419599000000
1346593880728000000
1328623314871000000
1341277961167000000
1336676722609000000
1337038839748000000
1332522733760000000
1338547155229000000
1336400997500000000
1329874295633000000
1343451159500000000
1334011933803000000
1337360007573000000
1345448312551000000
1347399379876000000
1344929908013000000
1342734782008000000
1329791060620000000
1337651800303000000
1343322629823000000
1342175460364000000
1338877999490000000
1336066623179000000
1291183528446000000
1297224805115000000
1323518167060000000
1307289654768000000
1328863749073000000
1306092849247000000
1330366030160000000
1291390985114000000
1327582233274000000
1297362075261000000
1308974409104000000
1294164427809000000
1311328179898000000
1296339289229000000
1328105460626000000
1293041856264000000
1344595504688000000
1336979773393000000
1333787422668000000
1292673388807000000
1304038562502000000
1341329510299000000
1324100319772000000
1297057470621000000
1306444337129000000
1334177644682000000
1347478715229000000
1293018683741000000
1303369925113000000
1298165054469000000
1306299794940000000
1313871528059000000
1326608503983000000
1326037456839000000
1301435510058000000
1340501903779000000
1308644888075000000
1302646063153000000
1347364918537000000
1316517352419000000
1294970847269000000
1307652879348000000
1343593689756000000
1347277666563000000
1302884208895000000
1306580442036000000
1337019933675000000
1305104770980000000
1331429867417000000
1292972935599000000
1303395860767000000
1318762139855000000
1319107831897000000
1320064117704000000
1337976467960000000
1334179307834000000
1343344402692000000
1341869785328000000
1333865180736000000
1344085669266000000
1347423163683000000
1342760598949000000
1346753264446000000
1343718392506000000
1343895989136000000
1347200037194000000
1347209447135000000
1342581350887000000
1335750773644000000
1332859839123000000
1275245468727000000
1278907454142000000
1284944771332000000
1336360445289000000
1304427496481000000
1340133271909000000
1327142653182000000
1297649494270000000
1344733411559000000
1285616411979000000
1285553109869000000
1346602466761000000
1293411744826000000
1288937673666000000
1329427596184000000
1294184987086000000
1302805157574000000
1312755476989000000
1311298323247000000
1321704149200000000
1327266584333000000
1326720173788000000
1324154087037000000
1275024143034000000
1306120484277000000
1341102361041000000
1324116224280000000
1343592816228000000
1333679380726000000
1328178860841000000
1317990828496000000
1344064061719000000
1329719556181000000
1294827000935000000
1306372413454000000
1341143003813000000
1345247472798000000
1346826768347000000
1335065477950000000
1342126913437000000
1314818464135000000
1329461070198000000
1318689129714000000
1327653913771000000
1326042149916000000
1342892615151000000
1312326618472000000
1329546797861000000
1316600972731000000
1325025449554000000
1333546324700000000
1317921162535000000
1326766815246000000
1324243224979000000
1331363185994000000
1334683694794000000
1335867265395000000
1341405960877000000
1342213313007000000
1317092874454000000
1320203264498000000
1332188147442000000
1315497856015000000
1326385881654000000
1334717926485000000
1323560674177000000
1313494389581000000
1325786123652000000
1347215751539000000
1308165291835000000
1342992682133000000
1341858881646000000
1340457725317000000
1339889023481000000
1315357726032000000
1338758732498000000
1325266055703000000
1344835434288000000
1343719926138000000
1290302166835000000
1315249334517000000
1286799123781000000
1304611322142000000
1316393958944000000
1312331170361000000
1346142990871000000
1314512291607000000
1264335015971000000
1324832218894000000
1327319142875000000
1270575056144000000
1286537361793000000
1290736104378000000
1298271912378000000
1337035326005000000
1296545357711000000
1323972624555000000
1330365504718000000
1346016545563000000
1284650447044000000
1300265717727000000
1330892446238000000
1296420192200000000
1330761001317000000
1302044666130000000
1314043996736000000
1287849709651000000
1346088336632000000
1310718895577000000
1286316850891000000
1285726228039000000
1318756272616000000
1340627024156000000
1339908928890000000
1298417287762000000
1282493944876000000
1336703450428000000
1344128337868000000
1328688175281000000
1272841022187000000
1335012580363000000
1330661144031000000
1318428473802000000
1332359362132000000
1343013374515000000
1302458347723000000
1271268009976000000
1343317327334000000
1342318164520000000
1337773886874000000
1302838238159000000
1323567699593000000
1308203886296000000
1276535594204000000
1319357523712000000
1295251661515000000
1281107553664000000
1304018969181000000
1275482560810000000
1304966272085000000
1287627538444000000
1282426778101000000
1294068012564000000
1303509544274000000
1344731041405000000
1291068066265000000
1298510512354000000
1326931037618000000
1296786604242000000
1342031121977000000
1295927519340000000
1324545161752000000
1324474490269000000
1312577268033000000
1344570217227000000
1332340898349000000
1341012304974000000
1303925440663000000
1326614834872000000
1332927715090000000
1337935201940000000
1321173563517000000
1346847898843000000
1314669269106000000
1320756951305000000
1331004216426000000
1318597123853000000
1338586402033000000
1321967162715000000
1336002606119000000
1325187960914000000
1326475629575000000
1324837029304000000
1336450707626000000
1341419040714000000
1346812883297000000
1345058389132000000
1327265168601000000
1272261328279000000
1325000837921000000
1308023462308000000
1332504041737000000
1280088230733000000
1342743986892000000
1283059253316000000
1305643478149000000
1320698272204000000
1305827785292000000
1340332656187000000
1317510028551000000
1344983486664000000
1347479213865000000
1304931950854000000
1337412368948000000
1342360082392000000
1310231420045000000
1329583709053000000
1303645931006000000
1303911750549000000
1308728303013000000
1340584354343000000
1321513812578000000
1321582392178000000
1311376488758000000
1338571106845000000
1326687577184000000
1335182068221000000
1343312927500000000
1337980573690000000
1312829449361000000
1302827322232000000
1330217343502000000
1324979538085000000
1334095219429000000
1339924789470000000
1340780115122000000
1329835744357000000
1318548397368000000
1324730623080000000
1313509426795000000
1325340949454000000
1335349629656000000
1342647170783000000
1308308559331000000
1335747195049000000
1337011868686000000
1345198703401000000
1315365591490000000
1347128927379000000
1342224574123000000
1325103811343000000
1326854644768000000
1311203077538000000
1331487348851000000
1311071976631000000
1326189087640000000
1332055403439000000
1347417745603000000
1334284022633000000
1344000869074000000
1335867747724000000
1335506268968000000
1331640251782000000
1323658203398000000
1317339240871000000
1340170953674000000
1327343352027000000
1320158826074000000
1342489041061000000
1326773642771000000
1315999796007000000
1322600612123000000
1335719530851000000
1342692373052000000
1327340471259000000
1273533770345000000
1284996914190000000
1283369776656000000
1287198415564000000
1319210640005000000
1340109419929000000
1271012465383000000
1333664181037000000
1274968642999000000
1347462227053000000
1323234113502000000
1332471935560000000
1267091679840000000
1341171161432000000
1337725461867000000
1287829101781000000
1285331295270000000
1329310978869000000
1318730605057000000
1298394981473000000
1327043823591000000
1307768337131000000
1293546826134000000
1323578952607000000
1307018775285000000
1307381657661000000
1327942190728000000
1295008229012000000
1317703825275000000
1345397412619000000
1310317056757000000
1339983664863000000
1290871933878000000
1309979785115000000
1333250727237000000
1306201570607000000
1314746317777000000
1336645900868000000
1347364679441000000
1340728750719000000
1298233143271000000
1347278295414000000
1339817271052000000
1326538914056000000
1325065687382000000
1289340673523000000
1313367400935000000
1340498532069000000
1315799452741000000
1340014107970000000
1323121704256000000
1328394596750000000
1326847342281000000
1327003492397000000
1340248426100000000
1325216973249000000
1338679531582000000
1316177777226000000
1295355961648000000
1329491902618000000
1336068002917000000
1333281555733000000
1346569345251000000
1331439556300000000
1332884404258000000
1307221559627000000
1342912377566000000
1319006940962000000
1323650234138000000
1325119952027000000
1347351911889000000
1293232133524000000
1323583730358000000
1293901183796000000
1309597325853000000
1309024875853000000
1312576604207000000
1320070703805000000
1304004360672000000
1313832020900000000
1317853134319000000
1346190132972000000
1341104918806000000
1301858726908000000
1293325274752000000
1337122079227000000
1324570077459000000
1342769376693000000
1341531693945000000
1327798618214000000
1326801972583000000
1334386906685000000
1342346435378000000
1328684631606000000
1338568534813000000
1328835160140000000
1341079269700000000
1332270808056000000
1342329963819000000
1336062831155000000
1331197574934000000
1333212201669000000
1335995257910000000
1342170712357000000
1333746591586000000
1346921112548000000
1344673695207000000
1344165740378000000
1346553478118000000
1346961186571000000
1343147063535000000
1344761511479000000
1345567295037000000
1345908935919000000
1343688592325000000
1344309464033000000
1288666669962000000
1314952244023000000
1287566639880000000
1326557940663000000
1316286446312000000
1292574039127000000
1295955836622000000
1314301077930000000
1329924539184000000
1283018526505000000
1303889482006000000
1337816404176000000
1273032133784000000
1274470662346000000
1327830654484000000
1347288351177000000
1334718754081000000
1296594268161000000
1324046044047000000
1304183728698000000
1269441621649000000
1271100315453000000
1298296437700000000
1272150518887000000
1294638754351000000
1324181609206000000
1282263656798000000
1270977377393000000
1327465402328000000
1340033617366000000
1335942184268000000
1279208923232000000
1343892872408000000
1323212356776000000
1328871544459000000
1309249788319000000
1301039115313000000
1294020078376000000
1331303385141000000
1311634045951000000
1326186457980000000
1328526754017000000
1337761687731000000
1326592098775000000
1334919339786000000
1342423923345000000
1321491167886000000
1328830236539000000
1341618461264000000
1332670407939000000
1321629268070000000
1332640601656000000
1341845180132000000
1332735177640000000
1347405051396000000
1327994177116000000
1339616443324000000
1338777595943000000
1324888786330000000
1331727042115000000
1344223981140000000
1324057142911000000
1345173843759000000
1336759532279000000
1324514508320000000
1333678634231000000
1329480398873000000
1337189613586000000
1339186720161000000
1346947007595000000
1341171107838000000
1347055664823000000
1326627190832000000
1322934409153000000
1345001585838000000
1308403068702000000
1327291596947000000
1305739113378000000
1327875349694000000
1314359441887000000
1316876976337000000
1340149228565000000
1296219107902000000
1334664319584000000
1313265531754000000
1303429971258000000
1301770531986000000
1336250872062000000
1326844624143000000
1329735361835000000
1345056469338000000
1344026570052000000
1346433124117000000
1302951313246000000
1330505007507000000
1313941590258000000
1334047946149000000
1310262182318000000
1327466596116000000
1315024859394000000
1328570887864000000
1337033245525000000
1316418586878000000
1321041583727000000
1322197019194000000
1310174143004000000
1308586327298000000
1316317978931000000
1346061443053000000
1319747256003000000
1338169025307000000
1322970153361000000
1298181322050000000
1309134090749000000
1324254510003000000
1300029657494000000
1306148964850000000
1336105784262000000
1334206166487000000
1301893450410000000
1346069692050000000
1302763927861000000
1334481863620000000
1347491040483000000
1343270002246000000
1302926783719000000
1308343008169000000
1314883512907000000
1304266899111000000
1325321368766000000
1315791172957000000
1342970205597000000
1335812040745000000
1346326166436000000
1347428399947000000
1340092925962000000
1339368127766000000
1343386287828000000
1341978659818000000
1344454768812000000
1342553104652000000
1343346657058000000
1323453877745000000
1281671116788000000
1323883774887000000
