1280503193298000000
1334239018931000000
1288146786288000000
1311781394869000000
1308223719623000000
1301064563134000000
1309416320777000000
1307728039432000000
1327492287348000000
1335389465259000000
1329888613683000000
1344799636894000000
1310167824015000000
1319241315702000000
1299098514951000000
1343440813295000000
1329397932577000000
1297399804968000000
1297153706138000000
1335105826685000000
1297582363312000000
1293795346981000000
1295630993930000000
1336423362746000000
1329659009797000000
1346307719982000000
1314089098699000000
1286245612639000000
1312154316023000000
1327635769502000000
1306251009517000000
1346200710474000000
1344198672722000000
1304529840526000000
1331439797696000000
1343568685269000000
1283112819792000000
1318034965560000000
1345348324628000000
1346992507567000000
1289329689981000000
1328952355765000000
1341543760672000000
1338633905226000000
1291029849725000000
1327368952803000000
1346941796579000000
1318154712354000000
1318935210880000000
1331440679395000000
1297950477665000000
1308218277474000000
1343141310645000000
1328936828507000000
1304227503824000000
1340142418259000000
1333602024302000000
1306072936933000000
1320249663684000000
1335624997459000000
1340291316650000000
1322381690269000000
1319656818677000000
1344300049026000000
1298348523417000000
1303693108630000000
1336470832897000000
1303226344132000000
1297128367340000000
1327420251941000000
1322872190660000000
1311224631624000000
1324888483786000000
1329967593069000000
1334800432518000000
1339388951380000000
1306055017687000000
1318482644377000000
1305614451197000000
1310471753501000000
1335875575395000000
1313567179324000000
1310681266336000000
1340502521952000000
1307769696317000000
1316157706104000000
1329593749020000000
1319568136461000000
1336594229922000000
1319258312554000000
1337388408953000000
1334439268823000000
1324252658903000000
1322056063590000000
1314067640207000000
1324187382406000000
1333813832372000000
1324391253972000000
1314926861971000000
1328493542925000000
1341462214858000000
1328208708126000000
1323819546057000000
1323597317295000000
1326456626796000000
1331501690203000000
1330093980006000000
1326685193742000000
1326344526332000000
1335868920916000000
1324209514630000000
1337062616573000000
1320281381810000000
1314519104570000000
1294784519760000000
1312041194374000000
1303748179371000000
1333866775194000000
1310783042512000000
1312711719872000000
1326767983679000000
1335257433933000000
1335690428866000000
1279422596329000000
1297449206383000000
1327419617853000000
1304719480328000000
1308544807488000000
1311412657691000000
1293323928795000000
1294496292846000000
1296028043255000000
1314954455640000000
1342529275698000000
1341315751939000000
1319729511132000000
1335697063929000000
1324010560886000000
1300784958350000000
1288257074671000000
1312799994087000000
1328587924989000000
1294058934503000000
1311799715206000000
1317657421944000000
1345755182783000000
1313011813119000000
1328910050010000000
1330816413799000000
1303549239933000000
1302325869934000000
1340169018187000000
1329322607868000000
1286587607251000000
1311384238977000000
1338490623650000000
1289577850824000000
1338152239500000000
1331645587715000000
1341529813444000000
1323151154456000000
1298399916261000000
1305225041279000000
1308058475094000000
1306012255694000000
1320038526645000000
1296475777281000000
1346897310932000000
1340989315844000000
1325439646382000000
1320371969509000000
1316960967663000000
1325659050822000000
1297853311950000000
1329900783307000000
1330234625138000000
1328556643073000000
1333507480495000000
1289277387996000000
1311376220888000000
1308503117229000000
1345939498847000000
1311163413834000000
1298206603018000000
1297611903426000000
1327750763695000000
1320401648835000000
1327213377570000000
1314266009997000000
1317721356039000000
1324044944457000000
1294714027650000000
1341350646842000000
1335519785592000000
1335353027783000000
1292233460459000000
1302499629746000000
1305123094701000000
1305985303838000000
1289618127775000000
1340868198923000000
1338351598179000000
1323196097580000000
1325129374626000000
1329856212580000000
1326366972557000000
1333299043468000000
1333015216139000000
1343397139167000000
1324179979647000000
1345089786475000000
1339722134597000000
1327656756298000000
1343489337733000000
1336482503800000000
1342074196769000000
1340894785751000000
1337906852622000000
1342395884767000000
1342414231038000000
1340978547193000000
1335848233885000000
1288351915797000000
1295249080628000000
1341089931889000000
1320570798639000000
1326373562126000000
1307249501698000000
1327376160680000000
1326714259920000000
1297084182708000000
1338401706580000000
1302618979526000000
1347264867832000000
1317274592319000000
1319523765995000000
1309101536973000000
1336984301406000000
1331395588536000000
1325617733555000000
1324576336537000000
1329962739044000000
1327369339025000000
1347442961095000000
1296529257577000000
1324750144926000000
1320529120652000000
1346253778377000000
1299676852292000000
1324058085868000000
1288225590160000000
1287295787553000000
1299012744612000000
1298183743538000000
1345344244213000000
1347321391659000000
1342124909108000000
1317212837603000000
1337547184299000000
1327787207450000000
1340305157427000000
1346909243627000000
1311847051679000000
1316793429525000000
1321433913452000000
1344237716910000000
1333189584222000000
1342670568102000000
1345420030380000000
1336507606102000000
1346357933899000000
1342254179154000000
1290377418701000000
1305952675939000000
1316439684176000000
1305798538376000000
1327405161208000000
1288696340680000000
1306514636390000000
1306705597164000000
1342849456741000000
1305054251676000000
1343098225235000000
1328049735058000000
1326727834816000000
1298395983692000000
1323990916311000000
1342371415141000000
1324206891697000000
1343737102523000000
1309125522384000000
1318076029848000000
1324995538985000000
1318193861162000000
1326657941200000000
1336279884418000000
1336949758615000000
1347321332944000000
1342999343546000000
1343143061223000000
1342872781226000000
1286088142451000000
1317570388424000000
1346762047524000000
1341227187198000000
1339667241402000000
1332841131467000000
1334858983583000000
1316606877753000000
1324139826966000000
1284639556971000000
1331155672936000000
1332722061522000000
1282541325318000000
1324136280580000000
1316284460780000000
1278768279015000000
1335826329051000000
1282884822237000000
1288999042875000000
1328800519474000000
1328016297580000000
1344983353140000000
1287868180842000000
1322998733983000000
1305270902553000000
1328716704798000000
1283034790730000000
1305635452853000000
1308919632559000000
1280486162844000000
1293428809462000000
1275115895649000000
1333193223787000000
1304751188204000000
1333956838018000000
1281418139283000000
1311582558380000000
1296636597653000000
1306646314149000000
1327778196638000000
1296560254844000000
1345100363390000000
1321050578558000000
1342549637847000000
1332376549229000000
1307247915987000000
1341546550579000000
1338078807620000000
1347024894940000000
1311596098923000000
1323231551512000000
1312904021077000000
1343462369929000000
1335179009023000000
1327935700510000000
1318375456734000000
1339283358266000000
1323912661455000000
1310334306830000000
1343907442264000000
1336879019198000000
1340549726331000000
1328654910884000000
1334744406899000000
1340587410255000000
1326780642670000000
1341513361182000000
1338513411249000000
1335277000987000000
1335792608733000000
1343623252385000000
1322454957369000000
1347206383428000000
1336450258047000000
1290554225311000000
1324513673595000000
1340248970606000000
1313888052083000000
1318904831900000000
1317975715175000000
1308011997197000000
1328040968241000000
1332612661196000000
1307720817117000000
1323916952830000000
1336256796840000000
1343413397345000000
1333804312848000000
1327876544698000000
1320233951127000000
1312166419248000000
1310057351786000000
1346714778626000000
1316072736815000000
1308816867318000000
1335800833626000000
1310623261658000000
1316721330050000000
1342526440440000000
1329619622848000000
1336139621390000000
1325872242189000000
1334028419216000000
1312652334363000000
1321185901160000000
1326631843903000000
1326964096188000000
1333789318074000000
1341105653317000000
1343971927566000000
1319485427298000000
1336516385494000000
1329219052054000000
1333642177953000000
1342791402226000000
1335821231774000000
1292310740089000000
1346628947780000000
1344736494154000000
1322130855282000000
1330554980331000000
1324855612695000000
1331450526616000000
1343400509593000000
1336734457395000000
1312908047634000000
1313541383367000000
1325221738533000000
1335231545402000000
1323825376004000000
1340673231002000000
1301358313811000000
1316028568901000000
1313557847663000000
1316967071300000000
1343085712497000000
1314937985112000000
1340104468228000000
1318042985466000000
1345211647379000000
1298944824914000000
1342842503861000000
1308228348268000000
1336303552398000000
1315144125645000000
1325337856446000000
1317150944221000000
1332572096123000000
1298063608036000000
1304441361390000000
1337171392636000000
1345317196113000000
1313254003536000000
1316096004541000000
1323228337821000000
1345995591723000000
1297119890270000000
1318753160177000000
1342693196769000000
1324458671407000000
1307540951430000000
1321375300035000000
1333104543326000000
1341878957787000000
1285009093130000000
1298228062544000000
1296986983953000000
1298284381795000000
1344849967604000000
1331130917103000000
1303725829135000000
1299405815844000000
1288861519818000000
1306336888194000000
1318559092587000000
1306821061264000000
1334954871604000000
1336873864765000000
1331686524196000000
1302995857980000000
1343257484957000000
1319317244305000000
1305936969158000000
1308771857145000000
1288802350318000000
1306325208619000000
1296720223589000000
1295594099456000000
1324597485381000000
1319148852994000000
1333950465018000000
1347301857577000000
1324845963977000000
1338406957742000000
1341189135839000000
1298307977395000000
1313563741867000000
1322872631636000000
1333672882115000000
1336050045821000000
1343102615553000000
1307308654478000000
1305264023004000000
1329770139703000000
1320913560338000000
1342401694654000000
1337492069969000000
1326937436336000000
1316165402782000000
1319087988040000000
1335131009149000000
1331850814790000000
1334112620078000000
1341090173863000000
1330699449187000000
1319077198108000000
1327618612234000000
1328656895125000000
1334745538516000000
1339317684276000000
1326748987769000000
1334482688798000000
1333632229808000000
1335528660384000000
1346339171811000000
1331696637745000000
1318104097569000000
1338733546682000000
1330931457335000000
1329789989349000000
1344667192680000000
1345132614262000000
1342362868058000000
1326315617462000000
1324766858818000000
1306090997012000000
1335043045957000000
1342732886498000000
1312445809581000000
1337753799824000000
1307312739948000000
1335124798327000000
1318523353915000000
1335035813921000000
1321616936610000000
1327952531126000000
1338504140065000000
1327011584468000000
1326707630616000000
1347435749535000000
1319173017670000000
1334317654859000000
1342309318964000000
1324172191450000000
1317713116188000000
1342515579784000000
1333771571089000000
1313813065558000000
1336907534462000000
1340710318650000000
1344457339921000000
1343015809850000000
1345682012355000000
1288187161182000000
1343463947995000000
1298596582920000000
1312488380453000000
1328573953767000000
1297887427173000000
1347447934902000000
1297154981064000000
1309802679925000000
1338802556331000000
1318528991208000000
1278742929097000000
1308872708704000000
1342095006248000000
1285825261986000000
1321693882581000000
1338498830201000000
1298035628648000000
1319280820608000000
1314310593630000000
1306194670353000000
1337167310335000000
1341019185723000000
1323908073306000000
1336903598336000000
1344850836145000000
1282944121912000000
1346715186226000000
1322870792115000000
1293694112448000000
1330855278288000000
1347218222396000000
1294142474712000000
1314852531644000000
1339103735756000000
1325822311709000000
1329384147104000000
1316397586375000000
1283686816798000000
1335077877836000000
1336363331191000000
1324179142148000000
1305708250112000000
1306435367348000000
1308877218245000000
1320485078078000000
1310790064100000000
1321096614463000000
1322893852529000000
1295915851474000000
1346880327421000000
1302444581178000000
1297224758220000000
1333275735448000000
1325244845186000000
1336929262622000000
1332748857667000000
1339680640282000000
1347164117726000000
1340626372743000000
1323112098811000000
1343423074896000000
1344289917645000000
1340449607372000000
1337969752973000000
1334063230414000000
1334516835344000000
1337127586733000000
1335771367588000000
1340619735619000000
1344384888309000000
1340107860186000000
1339424066478000000
1327275771456000000
1330575353933000000
1329312192612000000
1336157175924000000
1346471256073000000
1346154779467000000
1340461521143000000
1343819519150000000
1347278651026000000
1343866133711000000
1341739929291000000
1274401415787000000
1333388356775000000
1274395420929000000
1271347630650000000
1304769042284000000
1294591652843000000
1307038134849000000
1271224288092000000
1280568059609000000
1286648237980000000
1283304414347000000
1323395533604000000
1337886972749000000
1275588004581000000
1319927625053000000
1342514837650000000
1307352312640000000
1287365502507000000
1335687649961000000
