1335035321647000000
1332626487985000000
1344695464126000000
1323816711156000000
1327840877517000000
1334624562719000000
1337343850310000000
1308842898387000000
1342997435875000000
1333993505147000000
1326605213572000000
1325078731129000000
1344698290111000000
1345952230156000000
1330544769573000000
1331418075361000000
1326758055043000000
1336920844889000000
1346990318781000000
1342583878078000000
1334723559576000000
1341741444912000000
1340224656110000000
1334371418488000000
1332891642921000000
1344600583340000000
1344921029602000000
1347249395398000000
1332588709871000000
1342561362838000000
1335911238566000000
1331505325991000000
1345433249335000000
1345000523187000000
1340043908784000000
1329386295176000000
1346258600218000000
1340955211884000000
1344782749088000000
1338254239409000000
1342324749060000000
1334825118592000000
1339149944819000000
1335133823303000000
1341502265003000000
1342952007963000000
1336324357807000000
1345960858650000000
1340558031588000000
1333576941532000000
1340017218397000000
1340815082031000000
1346819072728000000
1345632465119000000
1344942665268000000
1334804479995000000
1334711138682000000
1341234796250000000
1333834123318000000
1343526427139000000
1346748372753000000
1334972102520000000
1344597324750000000
1338215810694000000
1337076719548000000
1341623626353000000
1341014107200000000
1334839626390000000
1342551092163000000
1334400497310000000
1336885296545000000
1343430890136000000
1336120778221000000
1345773586372000000
1343061433856000000
1288888266579000000
1336414628920000000
1275913345495000000
1287189169052000000
1340115503278000000
1343639708483000000
1343251948808000000
1337978539474000000
1312565726811000000
1313306292419000000
1301983503524000000
1311265224429000000
1298352508561000000
1322687481854000000
1333495670138000000
1310566766695000000
1317908253614000000
1331507931026000000
1304745231902000000
1339243020893000000
1324933973633000000
1304956464601000000
1327027546350000000
1324263393433000000
1334729205861000000
1323795091556000000
1324727170695000000
1329753386107000000
1280939858631000000
1283857191976000000
1287157535718000000
1271406254774000000
1304311645503000000
1297667595930000000
1315611794026000000
1297391603555000000
1335597590858000000
1290363797636000000
1305460399221000000
1303461456202000000
1305126767982000000
1309584143050000000
1297045735750000000
1326767060871000000
1344294679197000000
1296753302418000000
1295311262389000000
1326990098421000000
1335555645058000000
1301741027407000000
1324815987419000000
1311267882336000000
1312361045600000000
1339758083457000000
1343544688389000000
1284302965508000000
1319530615692000000
1345502766409000000
1297024750638000000
1307928202299000000
1271332303079000000
1282813431843000000
1336388796940000000
1306029756059000000
1284899794518000000
1283230936567000000
1283378780825000000
1320401505110000000
1310292440606000000
1326471786425000000
1315213585679000000
1333721208383000000
1341633770418000000
1335241311527000000
1332290522752000000
1333449675741000000
1317996825816000000
1339343682385000000
1347037393129000000
1341534098870000000
1339854198864000000
1341066783322000000
1340191587082000000
1344826529894000000
1346823167647000000
1344027303857000000
1343300177224000000
1343504152776000000
1345237105649000000
1344410004383000000
1285950952345000000
1306511609769000000
1270404737872000000
1299914116370000000
1293558164904000000
1302300532382000000
1300990121485000000
1306024334113000000
1311256124694000000
1298854353003000000
1264148780183000000
1335744549774000000
1336685066841000000
1266563722590000000
1274466602145000000
1317589166603000000
1326638654292000000
1323642067466000000
1271708258081000000
1329152457099000000
1283893255739000000
1304539097234000000
1340454482453000000
1280719088402000000
1318072709697000000
1320608911107000000
1341071839651000000
1322168276055000000
1336390409651000000
1305303705598000000
1282040634946000000
1281811530061000000
1317977827281000000
1337966999316000000
1303234534192000000
1344974467264000000
1266432095886000000
1273549277350000000
1328084707634000000
1267833738530000000
1273941279837000000
1311953573492000000
1317186582364000000
1312366066249000000
1284809052003000000
1285114230691000000
1328525952694000000
1316880004998000000
1339066540772000000
1281664491569000000
1330043099534000000
1269226204216000000
1283264460733000000
1271348259876000000
1310181367382000000
1336497185659000000
1288132215405000000
1293938176859000000
1330698794819000000
1343225176996000000
1311885982787000000
1328938807290000000
1341665720705000000
1315640196480000000
1336887370208000000
1327008979010000000
1324306890894000000
1327947703766000000
1328264298221000000
1301480530678000000
1315343174019000000
1324219406041000000
1323537639954000000
1306554658826000000
1336400378624000000
1317142520091000000
1321175059693000000
1330845557633000000
1309638688747000000
1344008236477000000
1307387081776000000
1326889645981000000
1333909914304000000
1342565455191000000
1288430406669000000
1305119333866000000
1316862565402000000
1319654900045000000
1347449152368000000
1303782416322000000
1308135981322000000
1339019120940000000
1336937366249000000
1304666382689000000
1313726735407000000
1290182607409000000
1312869650538000000
1329483983464000000
1343222568288000000
1332839655036000000
1306344256486000000
1295433278554000000
1328849717075000000
1282016926044000000
1316037777274000000
1305508002575000000
1287947197857000000
1311129759811000000
1287392413313000000
1304507119120000000
1334796011399000000
1290671233121000000
1316524138094000000
1325999575598000000
1343555691625000000
1321301372501000000
1332296863260000000
1337698119263000000
1310231890460000000
1317286250944000000
1311128242441000000
1338124941934000000
1330857708503000000
1319012556857000000
1311420209616000000
1338015513574000000
1297520526554000000
1303329788802000000
1313004117316000000
1306644519389000000
1317577421314000000
1335302948172000000
1283877580461000000
1336079308439000000
1282315564181000000
1308767148498000000
1335664728699000000
1281200133449000000
1343095459877000000
1284411016733000000
1285949485889000000
1289500407490000000
1324354219916000000
1342528671957000000
1296747132669000000
1304498912794000000
1326532535516000000
1293852244280000000
1323114481562000000
1342796476965000000
1344534581272000000
1307935350602000000
1324019031103000000
1337256163303000000
1324737763981000000
1343036369628000000
1329710558594000000
1338083084888000000
1310029895559000000
1342700036970000000
1292722360805000000
1325978426607000000
1332642308599000000
1316538778130000000
1292833654930000000
1296020497839000000
1330515012298000000
1328556444062000000
1338428698001000000
1340723740297000000
1338099106665000000
1296269694847000000
1335732179973000000
1296638683366000000
1341901000650000000
1328474890299000000
1344061824082000000
1306264809473000000
1319690777488000000
1310505533729000000
1339121338515000000
1336695613792000000
1333205036633000000
1340262049700000000
1324855887985000000
1326220795797000000
1319339567843000000
1306558409487000000
1328069495940000000
1338686713076000000
1334450748989000000
1310315974775000000
1335358581137000000
1332474120250000000
1337251642481000000
1324445569002000000
1335372211317000000
1345527971601000000
1343803728363000000
1326050718542000000
1316457813856000000
1313866837136000000
1322985810585000000
1333507017839000000
1309851704126000000
1337053800350000000
1334647574106000000
1328378699659000000
1314413334586000000
1324723742663000000
1339570911545000000
1327133070459000000
1326763142383000000
1335532932563000000
1330991328417000000
1328257878582000000
1311385200218000000
1317063963214000000
1334825325577000000
1345159549776000000
1342151936186000000
1276288399749000000
1343158093327000000
1270303576600000000
1278545486669000000
1303001827876000000
1299305282339000000
1284500888275000000
1332671955894000000
1273569646988000000
1315814013061000000
1327158849782000000
1316990314066000000
1271851097060000000
1300688860265000000
1276931923905000000
1334450242626000000
1347387625784000000
1271390938426000000
1304668706100000000
1276694025777000000
1317380465797000000
1303841980108000000
1344003179964000000
1344186422155000000
1326097385347000000
1333998351982000000
1327586793373000000
1335436805638000000
1341569503601000000
1327887415062000000
1340488120330000000
1336010620877000000
1336030717430000000
1339127024398000000
1338989522725000000
1344837224812000000
1344464110396000000
1323107468570000000
1335138717905000000
1330966981715000000
1329320179437000000
1335941478782000000
1333417048266000000
1346251122407000000
1333041393895000000
1311594854326000000
1324010835897000000
1333873575252000000
1328639206019000000
1302900938897000000
1308953501406000000
1346340673028000000
1313695641314000000
1326702796103000000
1320355633758000000
1329729702359000000
1298029758807000000
1329048966588000000
1308598970544000000
1315826141656000000
1335255900950000000
1321436421414000000
1317380325456000000
1301345062719000000
1343865622346000000
1335860190073000000
1339964851187000000
1343847355665000000
1304104727405000000
1317026947004000000
1344307823881000000
1309468086925000000
1331247223187000000
1337324941893000000
1341195754962000000
1346457027481000000
1347213941771000000
1344251759489000000
1327274837994000000
1327434348732000000
1309198934058000000
1323218013332000000
1334671960690000000
1316628805993000000
1322817484541000000
1333596562248000000
1343756556648000000
1339703991743000000
1346759041097000000
1340421921740000000
1343116457039000000
1342493603684000000
1317470106742000000
1291661700616000000
1328984713913000000
1282352460951000000
1307894882407000000
1274510598479000000
1279206091839000000
1301643327378000000
1307931434138000000
1327428346100000000
1347470747227000000
1320607717844000000
1339584806263000000
1319214984674000000
1342991304801000000
1335776396407000000
1339498814662000000
1331323284496000000
1331332928887000000
1320360613536000000
1337522587940000000
1320763173190000000
1325074469685000000
1347359292228000000
1344934219308000000
1330630530116000000
1324958736064000000
1329334943185000000
1327641328915000000
1339452540051000000
1325228266553000000
1324864854226000000
1333974533350000000
1336570965108000000
1336467492295000000
1337417077757000000
1343276381730000000
1345233180444000000
1336464606906000000
1335498216388000000
1324003337585000000
1341197846222000000
1346060867085000000
1334220065522000000
1346811098117000000
1342789479603000000
1328659208507000000
1340633464814000000
1340066550157000000
1330378088680000000
1342685468843000000
1346027962547000000
1340616477759000000
1337970380388000000
1335805882352000000
1338444052728000000
1339741731595000000
1338960884596000000
1328202322777000000
1334144377281000000
1326134956067000000
1341725659919000000
1323285720165000000
1334161810645000000
1339079066920000000
1342452499716000000
1328550392861000000
1324112619777000000
1329861079069000000
1334599319278000000
1345067460749000000
1332826882470000000
1345412672097000000
1342795753097000000
1323336950213000000
1329636003156000000
1343669891449000000
1346145518821000000
1330329941946000000
1336489744164000000
1343569312216000000
1294567622605000000
1294765272168000000
1321419187291000000
1340732147558000000
1319456249399000000
1340826330690000000
1335045036876000000
1281894756719000000
1312575829218000000
1278265783619000000
1275659820304000000
1328547896511000000
1313417643659000000
1324729864230000000
1334785335986000000
1320087259727000000
1328715190908000000
1281955774311000000
1306642314655000000
1282737338385000000
1293903303017000000
1286580792352000000
1312855894920000000
1326505275085000000
1301220769392000000
1344618147015000000
1301831492093000000
1289332501518000000
1315431807208000000
1334668522121000000
1310594850691000000
1289634614893000000
1286750613533000000
1342367905787000000
1325001365653000000
1337481197554000000
1305820843674000000
1329150245276000000
1327839962095000000
1323259399385000000
1301492864221000000
1309208046476000000
1340760804305000000
1297982690336000000
1331274000444000000
1316069316232000000
1338010072389000000
1300459566408000000
1342560921157000000
1315218835476000000
1297904853516000000
1306586838339000000
1318290830413000000
1316866719987000000
1320409337823000000
1298334575518000000
1344032102110000000
1330725681301000000
1304250998123000000
1321955735357000000
1340425334952000000
1298384860443000000
1310853352334000000
1315535560661000000
1342214917656000000
1297697122481000000
1336146505727000000
1297186427501000000
1298110617190000000
1333870869874000000
1298507885666000000
1326393922854000000
1320178069059000000
1306782710247000000
1342915933850000000
1322859827779000000
1332086190999000000
1299180944991000000
1302041191404000000
1344896300931000000
1302576115245000000
1326278460190000000
1306991053528000000
1313010786413000000
1328815417973000000
1311131174830000000
1325638315449000000
1321365721773000000
1333602313277000000
1321943403507000000
1315594446778000000
1325433656889000000
1330637658787000000
1338483951246000000
1318802610381000000
1339126479193000000
1317730306755000000
1324936806982000000
1340939746743000000
1334769576063000000
1337080111554000000
1318164277954000000
1325190708510000000
1305774384084000000
1308400319349000000
1334103348596000000
1316916393795000000
1324178409067000000
1325078407437000000
1346647057452000000
1342882004265000000
1330011961972000000
1340890189029000000
1339547590476000000
1327122265323000000
1344190946826000000
1346822516141000000
1313187654443000000
1334400694420000000
1347139642464000000
1343168634377000000
1341965063832000000
1325337029073000000
1330723517424000000
1334897956351000000
1345985742446000000
1344348253643000000
1336283830507000000
1340302336052000000
1343506614855000000
1343328656124000000
1338859210889000000
1335541404151000000
1337094627405000000
1346356358047000000
1330504256052000000
1296017983067000000
1335040298193000000
1317469867845000000
1332892398566000000
1289761239065000000
1289170235632000000
1315225382006000000
1326759168083000000
1330560485674000000
1335544741624000000
1325457114919000000
1305339562084000000
1301217911186000000
1309187722741000000
1309969598076000000
1314589045170000000
1291159557028000000
1319034787083000000
1287441645070000000
1297957865441000000
1308326117984000000
1308307198098000000
1314833972504000000
1311411302008000000
1298361615951000000
1290094895754000000
1323904481866000000
1293750501056000000
1295919757175000000
1300088055798000000
1300723152818000000
1346672869410000000
1325500618357000000
1326611859448000000
1345510842596000000
1327286909852000000
1341736679654000000
1344950271155000000
1346220561497000000
1347408560895000000
1339144733980000000
1334410116706000000
1331839439555000000
1334763055570000000
1346766333444000000
1332046158135000000
1336139836011000000
1298496341274000000
1290337222664000000
1319919239935000000
1271546867653000000
1347204394474000000
1339164317280000000
1278897501793000000
1339102128121000000
1331773289631000000
1334420732589000000
1332919251374000000
1265996425218000000
1278729448554000000
1270768794436000000
1333370804351000000
1272495593179000000
1323500843736000000
1302843882338000000
1277767682397000000
1281701550098000000
1275427548345000000
1285503994487000000
1306414906220000000
1287986214515000000
1288777910201000000
1287212704165000000
1319194297288000000
1288622246725000000
1315654195372000000
1294761725831000000
1310466484732000000
1317583304557000000
1342942524828000000
1326679931470000000
1335224285889000000
1271248333545000000
1302893984773000000
1288888595368000000
1329007075328000000
1336467868053000000
1346260523810000000
1339701231062000000
1347136986917000000
1346387965081000000
1343153090642000000
1299437063919000000
1285968306263000000
1343033308931000000
1328433855090000000
1339637525492000000
1324044008682000000
1341031148299000000
1295987651914000000
1283419812756000000
