1330280924827000000
1330735422539000000
1328506590261000000
1329440012776000000
1330335356282000000
1329777861713000000
1328525952694000000
1328715190908000000
1332168826203000000
1328719494378000000
1330233887313000000
1330360686115000000
1335389465259000000
1335868920916000000
1335697063929000000
1335848233885000000
1336279884418000000
1335792608733000000
1336050045821000000
1334317654859000000
1335077877836000000
1334516835344000000
1333978788047000000
1334921937259000000
1335033756236000000
1335532613704000000
1336491389622000000
1336276082779000000
1335193781289000000
1334490657201000000
1334972102520000000
1336049711250000000
1335282861435000000
1335660607355000000
1337909006504000000
1337750522941000000
1336079132860000000
1336098972814000000
1334466931604000000
1336227119203000000
1341529813444000000
1342670568102000000
1343257484957000000
1342309318964000000
1342933442527000000
1341690525226000000
1343129984959000000
1342005439453000000
1342198920183000000
1342371936634000000
1342318164520000000
1341171161432000000
1343152787320000000
1342493603684000000
1342356589702000000
1341985695155000000
1341781647472000000
1341042166153000000
1342505562972000000
1341316627288000000
1341858400285000000
1342912377566000000
1343168634377000000
1343873784663000000
1341825639627000000
1343141310645000000
1342371415141000000
1342693196769000000
1343102615553000000
1342514837650000000
1344603010393000000
1343839782002000000
1343152095116000000
1343312157723000000
1345307601686000000
1343809432664000000
1343346657058000000
1344450393354000000
1344269146523000000
1343463331441000000
1343139938453000000
1343593689756000000
1344085669266000000
1344064061719000000
1342992682133000000
1344223981140000000
1342970205597000000
1343346657058000000
1342885866408000000
1343931360179000000
1344597324750000000
1344464110396000000
1344566959288000000
1342694522857000000
1343160443670000000
1344234490168000000
1344611827836000000
1342312987718000000
1343073226472000000
1342750163629000000
1304511831554000000
1304689547661000000
1300723152818000000
1319317244305000000
1319991442610000000
1318593180470000000
1319006940962000000
1318164277954000000
1316906805645000000
1319219945961000000
1345420030380000000
1346397329706000000
1344759723060000000
1346069692050000000
1345412672097000000
1344896300931000000
1346568037144000000
1270768794436000000
1297417667444000000
1318104097569000000
1316880004998000000
1323376960160000000
1324730623080000000
1323650234138000000
1322780052116000000
1324655068629000000
1323107468570000000
1323585634202000000
1324189421416000000
1332722061522000000
1332233238785000000
1333177015783000000
1332839655036000000
1331839439555000000
1333370804351000000
1333024223975000000
1332794942999000000
1332857914234000000
1339283358266000000
1339815337057000000
1338215810694000000
1339066540772000000
1340008822693000000
1339582230539000000
1338381820911000000
1272495593179000000
1271852668372000000
1282532673144000000
1283757249791000000
1282810269929000000
1282241688646000000
1313227930002000000
1314498981467000000
1312381552006000000
1313509426795000000
1312397904883000000
1324391253972000000
1324750144926000000
1322870792115000000
1325244845186000000
1324554439724000000
1325280489792000000
1324733207165000000
1322743445061000000
1325248619624000000
1324011047021000000
1324339407790000000
1324190584690000000
1323550128927000000
1325222736534000000
1324811488338000000
1324545161752000000
1325187960914000000
1325119952027000000
1323559513486000000
1323795091556000000
1324019031103000000
1325190708510000000
1325017644135000000
1323840674756000000
1323044260986000000
1328936828507000000
1330535756912000000
1329337225731000000
1328752349179000000
1329272122612000000
1330201790701000000
1329042777193000000
1328636979408000000
1330848190939000000
1335353027783000000
1333538149532000000
1333097434091000000
1334705871093000000
1334547276838000000
1333324413159000000
1333109978612000000
1334439090185000000
1333556763147000000
1333614231608000000
1335138717905000000
1335541404151000000
1334763055570000000
1334686842593000000
1333711784179000000
1333932871544000000
1333202477595000000
1333550358736000000
1335110000974000000
1334271911234000000
1336594229922000000
1336507606102000000
1336949758615000000
1336879019198000000
1336363331191000000
1336929262622000000
1337127586733000000
1335687649961000000
1337043264791000000
1336565792366000000
1337965731685000000
1337509100775000000
1336436979423000000
1336489928643000000
1335776781604000000
1336025816033000000
1336400997500000000
1337773886874000000
1336450707626000000
1337725461867000000
1335812040745000000
1336660055391000000
1337775665789000000
1336166804153000000
1336629169844000000
1336421649354000000
1335873120205000000
1336088893426000000
1337076719548000000
1336079308439000000
1337256163303000000
1335860190073000000
1337522587940000000
1336570965108000000
1337094627405000000
1336139836011000000
1336467868053000000
1337716258934000000
1337257629661000000
1338004256672000000
1337672508694000000
1338104384085000000
1337028862695000000
1337417219402000000
1335682225206000000
1336818212127000000
1337574352561000000
1335860646612000000
1336192010949000000
1338108861613000000
1336436460950000000
1337187342626000000
1347441415902000000
1347402083989000000
1347521603179000000
1346894821839000000
1346277165563000000
1345466097483000000
1345889745791000000
1347143704309000000
1347277666563000000
1347423163683000000
1347351911889000000
1346433124117000000
1346326166436000000
1345611675758000000
1345502766409000000
1347387625784000000
1346356358047000000
1346672869410000000
1346165104530000000
1347116157471000000
1345966834378000000
1345758277452000000
1346490697313000000
1277395934654000000
1278047400642000000
1277731385835000000
1282541325318000000
1283304414347000000
1283833577419000000
1281712384598000000
1282700734635000000
1283706171406000000
1281664491569000000
1282315564181000000
1281955774311000000
1282644594225000000
1283212126173000000
1282092442200000000
1292233460459000000
1293694112448000000
1292369798944000000
1293086806480000000
1292673388807000000
1293857293643000000
1296620440600000000
1298150351168000000
1296594268161000000
1298642840242000000
1298171138633000000
1298486098271000000
1297024750638000000
1298715907749000000
1329659009797000000
1329970119017000000
1341993610932000000
1342976322386000000
1341858881646000000
1340836764125000000
1341623626353000000
1342795753097000000
1341965063832000000
1342182414272000000
1341221872319000000
1342213927652000000
1293232133524000000
1295036779842000000
1302837253847000000
1302937476803000000
1303207400542000000
1304038562502000000
1302838238159000000
1302763927861000000
1302576115245000000
1303000015158000000
1323597317295000000
1324209514630000000
1324010560886000000
1323151154456000000
1323196097580000000
1324179979647000000
1324206891697000000
1322998733983000000
1324458671407000000
1324172191450000000
1324179142148000000
1323395533604000000
1325203213995000000
1323628280276000000
1323580837970000000
1323178582679000000
1323183789630000000
1324224248328000000
1324203352446000000
1324109096774000000
1322814015386000000
1323471689759000000
1322885140799000000
1327297707401000000
1323690083030000000
1324781518140000000
1324031812215000000
1324857683535000000
1323838785464000000
1324425845592000000
1324099268758000000
1324598942172000000
1325341768307000000
1322913928224000000
1324356338267000000
1323625767218000000
1324213111226000000
1325266055703000000
1323567699593000000
1324474490269000000
1325340949454000000
1323658203398000000
1323578952607000000
1323583730358000000
1324046044047000000
1323212356776000000
1324057142911000000
1325013998607000000
1323373329885000000
1323602500066000000
1324255535524000000
1322849711617000000
1325017922960000000
1323100360542000000
1324727170695000000
1323537639954000000
1324737763981000000
1325228266553000000
1323336950213000000
1325337029073000000
1323500843736000000
1324044008682000000
1324861900366000000
1323777086989000000
1324835198221000000
1323444218109000000
1324360200149000000
1327012464425000000
1323103055540000000
1324574596754000000
1323036475438000000
1325333925478000000
1324139875074000000
1322913950220000000
1324860008541000000
1325234394765000000
1323489469149000000
1325229609406000000
1323449240368000000
1323307974633000000
1323383030036000000
1324708967112000000
1323375135775000000
1325306997163000000
1324747195626000000
1322849876879000000
1324591421675000000
1322965406632000000
1323315463548000000
1323389674090000000
1324375958081000000
1323169416451000000
1346262261095000000
1345908935919000000
1345173843759000000
1346766333444000000
1346911361872000000
1345386968831000000
1345032692360000000
1347113826568000000
1346480583872000000
1346574419012000000
1298399916261000000
1297286070826000000
1302491209233000000
1304557654766000000
1302286351855000000
1302884208895000000
1302843882338000000
1302562278191000000
1302939757624000000
1307540951430000000
1307308654478000000
1306646317608000000
1306521156630000000
1307615387803000000
1307451008454000000
1306580442036000000
1308203886296000000
1306540694020000000
1307567739562000000
1307928202299000000
1306554658826000000
1306344256486000000
1306642314655000000
1308422518713000000
1308218309893000000
1306416590933000000
1308205273527000000
1314563581634000000
1336256796840000000
1336303552398000000
1334846790424000000
1334962925570000000
1334800339170000000
1335349629656000000
1335719530851000000
1334481863620000000
1335621557583000000
1334775545516000000
1334671960690000000
1335994679554000000
1335561413594000000
1336217679185000000
1336189822378000000
1342872781226000000
1338733546682000000
1340068746890000000
1340457725317000000
1339357467175000000
1340699552376000000
1269316384462000000
1269165686344000000
1268123742676000000
1272586500299000000
1268118075112000000
1271332303079000000
1273139854662000000
1297946454214000000
1315762218897000000
1326569967525000000
1326800838607000000
1326709429649000000
1325395483858000000
1325574139676000000
1326278460190000000
1325500618357000000
1324572103556000000
1325147690667000000
1325289271087000000
1346357933899000000
1346923004905000000
1347052941096000000
1345972503273000000
1347294078972000000
1347434226612000000
1346418309612000000
1347106771539000000
1347493198847000000
1347488232086000000
1346365668903000000
1267670054638000000
1268785518336000000
1274677477974000000
1271066120634000000
1278102474545000000
1276535594204000000
1277767682397000000
1286579189754000000
1287514130642000000
1295350953477000000
1294115300130000000
1300904458390000000
1299738726552000000
1299553167051000000
1300785429847000000
1299097489696000000
1300743556068000000
1297074235433000000
1295433278554000000
1305270902553000000
1306650305193000000
1305693629634000000
1306360321772000000
1306991053528000000
1305785102858000000
1309818562251000000
1310829316988000000
1311118369210000000
1310772963899000000
1313407683538000000
1312359140402000000
1316856481465000000
1317342330534000000
1316628805993000000
1319132081101000000
1317713116188000000
1317213594900000000
1318818582072000000
1317523151443000000
1318844733327000000
1317228265732000000
1319357523712000000
1317339240871000000
1319658398321000000
1319690777488000000
1319163895585000000
1317851881462000000
1320424739653000000
1330171853005000000
1328461925142000000
1330043099534000000
1330966981715000000
1329636003156000000
1343489337733000000
1343038733325000000
1343068752000000000
1342518919900000000
1341196907032000000
1339851015077000000
1341921855040000000
1339889023481000000
1341978659818000000
1341756370235000000
1341350053602000000
1340787464104000000
1340652028568000000
1340827952470000000
1341014107200000000
1339964851187000000
1341017232324000000
1340992540206000000
1341449558611000000
1339889023481000000
1346307719982000000
1347505492610000000
1347491040483000000
1347239362658000000
1347298555337000000
1346703955655000000
1346484433225000000
1347344909417000000
1346949093852000000
1342254179154000000
1343413397345000000
1342515579784000000
1343241776861000000
1342802173630000000
1344298444304000000
1343603927108000000
1342647170783000000
1343270002246000000
1344454768812000000
1342419144404000000
1344485431179000000
1343847355665000000
1343669891449000000
1342497609001000000
1343536795643000000
1343392674959000000
1273292711522000000
1274337479170000000
1294003866797000000
1295251661515000000
1304227503824000000
1302499629746000000
1328716704798000000
1329312192612000000
1329005321457000000
1327794674443000000
1327476301629000000
1328736953199000000
1327553226141000000
1328849717075000000
1328257878582000000
1329453015061000000
1328468675960000000
1329166381965000000
1327198908643000000
1327489069890000000
1328754070782000000
1269226204216000000
1272597128960000000
1271485187899000000
1271390938426000000
1270475991602000000
1283112819792000000
1283034790730000000
1281205410830000000
1282073031781000000
1282372958050000000
1281288421508000000
1281860686334000000
1282919341718000000
1281078842614000000
1281107553664000000
1283059253316000000
1281671116788000000
1282666531829000000
1281964442941000000
1282853387414000000
1282038039043000000
1282813431843000000
1283264460733000000
1282016926044000000
1282737338385000000
1281701550098000000
1282940327411000000
1281556319474000000
1281662586724000000
1283030888105000000
1281766195013000000
1283057014016000000
1283027603838000000
1281510655818000000
1281665318916000000
1281831490572000000
1290377418701000000
1289043690028000000
1290706024665000000
1289498680890000000
1290527979460000000
1289732432012000000
1290157658025000000
1293901183796000000
1305225041279000000
1305123094701000000
1303542246971000000
1304015129535000000
1303901651783000000
1305056115521000000
1303094355178000000
1303452900996000000
1304183728698000000
1302951313246000000
1302926783719000000
1303327016354000000
1304956464601000000
1304668706100000000
1304104727405000000
1302893984773000000
1304003434495000000
1303491093589000000
1303715340751000000
1303533362266000000
1306251009517000000
1305985303838000000
1305952675939000000
1305936969158000000
1306090997012000000
1307312739948000000
1305708250112000000
1307352312640000000
1307711624720000000
1306076744006000000
1307991122256000000
1306955857917000000
1306240929477000000
1307088940782000000
1305899355243000000
1306384302056000000
1306258035756000000
1307609587687000000
1306372413454000000
1305739113378000000
1307712285468000000
1306688402665000000
1305697223417000000
1306901217723000000
1311385200218000000
1305774384084000000
1308205605353000000
1305825447145000000
1306916363675000000
1307024718319000000
1307558786394000000
1306721242706000000
1306192948153000000
1306892460792000000
1306140946551000000
1306774960281000000
