1297037771389000000
1343146312873000000
1329613528140000000
1334752211389000000
1340663055715000000
1321939048781000000
1317806498392000000
1334441045302000000
1345980349870000000
1303819580295000000
1339965247228000000
1327638353730000000
1298940024488000000
1325436698262000000
1327576024139000000
1303132657879000000
1331048697750000000
1316563633794000000
1342993061145000000
1324632331689000000
1311192124233000000
1329517605094000000
1332732542712000000
1330399364549000000
1330801131599000000
1333725020570000000
1319244213192000000
1341718480065000000
1303140311829000000
1320416627134000000
1346262261095000000
1307615387803000000
1310829316988000000
1301341685736000000
1300076532094000000
1305979311344000000
1331102316410000000
1328058328995000000
1324965785565000000
1335283215286000000
1330414994052000000
1314042562429000000
1309369426229000000
1327712251183000000
1332447324050000000
1317167531189000000
1311951466328000000
1340085275464000000
1327278190416000000
1333318821172000000
1324006110851000000
1325222736534000000
1326709429649000000
