1333896249004000000
1327739320907000000
1328606457516000000
1336612736487000000
1343383195877000000
1341680488615000000
1334138914782000000
1322648220227000000
1324022889374000000
1343441706753000000
1317781894939000000
1270226729180000000
1313384509387000000
1345678884747000000
1340708485540000000
1306953387981000000
1322080501699000000
1330928587739000000
1298218537945000000
1265189150871000000
1298876311806000000
1343626385899000000
1322871828533000000
1312507958281000000
1334662537481000000
1287654200315000000
1297410553761000000
1288330090782000000
1306521156630000000
1297946454214000000
1268785518336000000
1299738726552000000
1294562701196000000
1279782632887000000
1330346312492000000
1282417617023000000
1335959465043000000
1306266793862000000
1346182449855000000
1325295563620000000
1306019406531000000
1289896099957000000
1308178463652000000
1297710076185000000
1323583578618000000
1298044127112000000
1328047123091000000
1278120980940000000
1329874580464000000
1286376776538000000
1304882217503000000
1311050407683000000
1305366157889000000
1327144426813000000
1324106877238000000
1316956422992000000
1272823453196000000
1294108114683000000
1277363974952000000
1289724096554000000
1301738488330000000
1276485032037000000
1344834641330000000
1289840436401000000
1310537137174000000
1313671571533000000
1326360983630000000
1342563087149000000
1319980600044000000
1298144313191000000
1303518171878000000
1274001100510000000
1325105003505000000
1338267246332000000
1305341524419000000
1327815448028000000
1340313997278000000
1342788959020000000
1313226685053000000
1284195153134000000
1329318019733000000
1323332588788000000
1315757906965000000
1347072784886000000
1313653616978000000
1335080512222000000
1278664297498000000
1340373736377000000
1343607918043000000
1326341156294000000
1333139808595000000
1346408138160000000
1332568505194000000
1273542220745000000
1310968434159000000
1313227930002000000
1283706171406000000
1304557654766000000
1281288421508000000
1304015129535000000
1345159288405000000
1277194656004000000
1286217868214000000
1293899658834000000
1293784502090000000
1310338836359000000
1335292995656000000
1343047268153000000
1342753368070000000
1334784504424000000
1317244486876000000
1339536682989000000
1338059540423000000
1321015075195000000
1327634507634000000
1293376562842000000
1310625033894000000
1345832668467000000
1316121334635000000
1316971135346000000
1294125530645000000
1296421121643000000
1312802522269000000
1297578900620000000
1308318687875000000
1324829303094000000
1288509217917000000
1283298222692000000
1331192170874000000
1324879222837000000
1327070017445000000
1324017371185000000
1324493189616000000
1327524071601000000
1324895423865000000
1341339408514000000
1331231653781000000
1305787749973000000
1306108461982000000
1317896919332000000
1304511831554000000
1337965731685000000
1346277165563000000
1341993610932000000
1299553167051000000
1294808587953000000
1339729852997000000
1336414174752000000
1337171547765000000
1298901125953000000
1322814015386000000
1307991122256000000
1298080432838000000
1301787988365000000
1308955824695000000
1340629513497000000
1313468142690000000
1293800149407000000
1308168858328000000
1321410346049000000
1321003761712000000
1329219711564000000
1300432967044000000
1319234190684000000
1302087745347000000
1314977307433000000
1312628045352000000
1297530933401000000
1297295432846000000
1296924351242000000
1329412832178000000
1308093674040000000
1346790461940000000
1323643501516000000
1295754085835000000
1311416306033000000
1301311034313000000
1331611383031000000
1292369798944000000
1323471689759000000
1342802173630000000
1327676319931000000
1304391448233000000
1333383686248000000
1313899761989000000
1322186094521000000
1317473552619000000
1339129834895000000
1300853107741000000
1324327237812000000
1322666686856000000
1335033756236000000
1337509100775000000
1305436583049000000
1317080490973000000
1332336948390000000
1324198254849000000
1304147174635000000
1312442364474000000
1324527326024000000
1334281419467000000
1331619001965000000
1305868517642000000
1347052941096000000
1308020939821000000
1323767807869000000
1322885140799000000
1321051223056000000
1325033082332000000
1340786544163000000
1336354299791000000
1333935397290000000
1329724469848000000
1326569967525000000
1326920696025000000
1341274306018000000
1327190574473000000
1327297707401000000
1347468937629000000
1347008376681000000
1307593629448000000
1314451883395000000
1309790091548000000
1291287557958000000
1319365458961000000
1299023721043000000
1322127211715000000
1297468641574000000
1309372786140000000
1315016734768000000
1327425314782000000
1297415740425000000
1334966000698000000
1290603453995000000
1315104907472000000
1297030972375000000
1328010465180000000
1295231792916000000
1296299791238000000
1299819563954000000
1307886209814000000
1346397329706000000
1336188209750000000
1316809308794000000
1328664142579000000
1331701074029000000
1309170816675000000
1344743242153000000
1324333798737000000
1301137113883000000
1326299549191000000
1296400795031000000
1328463698890000000
1345644194726000000
1312953674035000000
1330151274285000000
1320027298619000000
1296442210065000000
1343661641791000000
1296032443388000000
1324938429343000000
1336315860980000000
1299350577590000000
1341196907032000000
1347505492610000000
1306955857917000000
1306449546985000000
1340687401750000000
1333259389416000000
1347278674655000000
1299465062029000000
1321326346136000000
1328326276985000000
1339641454065000000
1336931718150000000
1345107416549000000
1312778465858000000
1334204704574000000
1326842671456000000
1298310975106000000
1347341650463000000
1296498862255000000
1334053836619000000
1334045321988000000
1346806793977000000
1345466097483000000
1340842885065000000
1323390092724000000
1291695073173000000
1303094603972000000
1295399943933000000
1334241887328000000
1347144038983000000
1297064876733000000
1326937626330000000
1341959657605000000
1337629373265000000
1314000627021000000
1326648055345000000
1313834314805000000
1322813410560000000
1317113662915000000
1335093565672000000
1343890947188000000
1302286351855000000
1306434466803000000
1307147487836000000
1308234112504000000
1347140344772000000
1301507164462000000
1304398479880000000
1321116337769000000
1300174847229000000
1347473020734000000
1323492723797000000
1334894663855000000
1328175257525000000
1311335102233000000
1334314691259000000
1325739188528000000
1327135191318000000
1345711147287000000
1325124026682000000
1344236466929000000
1304418254025000000
1339895464554000000
1328948952400000000
1330921974029000000
1320719405746000000
1318678583433000000
1308918183477000000
1314886618954000000
1322973698752000000
1325753237517000000
1327589851454000000
1335335837946000000
1308083439999000000
1323690083030000000
1309818562251000000
1312393658738000000
1339705089938000000
1344820993930000000
1327476301629000000
1337410326273000000
1333959348472000000
1333675449379000000
1314781695599000000
1335045736852000000
1298234068978000000
1295352557985000000
1329992423309000000
1314425272014000000
1310080841683000000
1308600969180000000
1340911982861000000
1338577440266000000
1339128924651000000
1327065885988000000
1328855168344000000
1347449874964000000
1324443923960000000
1338278796097000000
1331585210329000000
1319765043070000000
1343129984959000000
1325248619624000000
1336436979423000000
1306240929477000000
1307470015444000000
1314454633995000000
1334184156438000000
1345441405271000000
1316331464549000000
1322778564495000000
1319502828807000000
1324804582373000000
1340546088350000000
1321093446881000000
1339024986914000000
1339235017610000000
1343265759728000000
1332979838112000000
1339627079839000000
1327075824043000000
1340264354594000000
1323325204959000000
1324392718631000000
1336555760453000000
1333467771456000000
1324011047021000000
1329337225731000000
1334846790424000000
1328461925142000000
1345113040003000000
1322751480655000000
1322048211211000000
1344877397648000000
1334274658860000000
1324339407790000000
1324781518140000000
1324789444797000000
1342245712978000000
1343200006534000000
1340191771411000000
1327827465824000000
1345147659231000000
1335284027871000000
1344995400530000000
1340875127999000000
1341074489128000000
1336410769094000000
1336917804937000000
1343627003503000000
1346441810408000000
1343145433502000000
1346952763402000000
1329440012776000000
1342005439453000000
1343346657058000000
1343038733325000000
1332000599784000000
1345055924253000000
1331566438487000000
1346000637424000000
1346242863874000000
1346699961017000000
1344978272886000000
1317713138985000000
1299164041244000000
1338968616227000000
1333415234335000000
1298563594221000000
1302713738306000000
1297565284162000000
1316174467188000000
1331007040984000000
1340479258907000000
1328166048822000000
1335160995120000000
1316976040019000000
1326674422641000000
1315202357437000000
1321694071580000000
1317684918086000000
1316021436991000000
1312608766156000000
1341141121463000000
1309913377709000000
1324031812215000000
1344900445516000000
1314945568677000000
1316605986480000000
1317104075485000000
1332390495340000000
1344909836110000000
1329101696051000000
1334478511978000000
1340202279568000000
1343619867379000000
1315965892105000000
1325813139124000000
1331943533956000000
1334176814784000000
1341692963560000000
1340609517802000000
1344994020233000000
1339925688669000000
1342269847755000000
1338015922654000000
1336047895668000000
1339329995393000000
1326698278474000000
1324527441095000000
1346166749299000000
1324260264625000000
1330316036544000000
1341810761373000000
1336193438497000000
1345774594663000000
1339380983369000000
1345246394589000000
1342605037461000000
1336489928643000000
1339602134722000000
1335419325194000000
1340725609177000000
1336782155964000000
1342288158186000000
1298022734529000000
1294362056313000000
1291462667930000000
1293276492547000000
1332792636411000000
1347196372820000000
1272091190794000000
1282330381928000000
1307439640088000000
1297976892840000000
1335967710071000000
1268857065159000000
1328487855255000000
1311436050217000000
1335334970992000000
1266255093954000000
1275984648482000000
1295556808220000000
1319020385119000000
1344450393354000000
1269316384462000000
1295051472987000000
1304282901327000000
1295713592677000000
1294419540222000000
1323562040680000000
1292494947068000000
1297625234123000000
1333400401943000000
1292061994286000000
1325940668167000000
1346140157782000000
1335699294294000000
1336035724847000000
1305789209005000000
1297643385245000000
1325878540310000000
1291821636017000000
1332064587605000000
1334373082951000000
1311323250124000000
1283111639594000000
1302889742235000000
1279752213559000000
1291713225118000000
1341226053827000000
1321209231235000000
1312746312622000000
1341177172325000000
1315254619435000000
1338141698171000000
1304022341989000000
1327354730997000000
1300101010563000000
1332598537215000000
1327599963584000000
1316402547650000000
1346787811117000000
1314550804428000000
1277105185417000000
1295704791942000000
1312868519273000000
1347405995681000000
1333304226517000000
1347346422250000000
1342527498552000000
1295376187798000000
1342198920183000000
1344269146523000000
1345889745791000000
1313407683538000000
1281860686334000000
1304449720331000000
1323859072946000000
1331150422139000000
1345734255242000000
1286827090742000000
1294825507919000000
1304224079183000000
1336798972457000000
1344679240501000000
1339745465716000000
1316979026930000000
1302726113779000000
1308901461220000000
1332785162654000000
1319473105378000000
1328736953199000000
1293729254103000000
1335837180032000000
1341823337056000000
1344608376703000000
1302157689146000000
1302960870196000000
1307045652722000000
1328862261190000000
1314474653564000000
1342979381045000000
1294269389808000000
1327254133742000000
1312191268548000000
1330861023650000000
1318700159534000000
1347143704309000000
1295006266941000000
1327538200616000000
1317656663032000000
1345669751860000000
1292288544374000000
1304151028151000000
1312239808860000000
1333372924649000000
1343463331441000000
1328752349179000000
1293304024877000000
1297809648305000000
1297329027858000000
1322765124775000000
1306381409776000000
1337653141269000000
1344186200962000000
1306712555375000000
1324190584690000000
1321409496494000000
1324896468015000000
1334856174804000000
1333831388717000000
1336405050072000000
1329845976374000000
1333786372971000000
1336623781999000000
1338329020566000000
1334206800240000000
1345626837485000000
1332910231387000000
1346754415459000000
1334529929872000000
1343575146220000000
1328875431369000000
1337342992206000000
1316114860601000000
1347286919118000000
1298613367317000000
1303709081776000000
1319896663673000000
1274296797094000000
1279686955674000000
1343312488795000000
1296620440600000000
1317934801654000000
1297892189512000000
1276627821251000000
1347166281730000000
1340687537057000000
1289678192126000000
1320411023558000000
1285909348879000000
1314934421475000000
1312426144349000000
1340489697314000000
1324837976639000000
1316265410093000000
1277329834701000000
1328606213001000000
1307865804375000000
1319778951078000000
1334547276838000000
1344298444304000000
1295480800550000000
1345510589646000000
1334145847216000000
1328845315575000000
1311132251417000000
1297967618424000000
1318511521648000000
1326897527447000000
1333163962096000000
1324857683535000000
1335876038199000000
1326027978460000000
1317650742902000000
1316131121308000000
1319072999480000000
1329457746076000000
1320858812210000000
1299655771961000000
1309544733291000000
1347524261499000000
1312752702198000000
1313156934762000000
1302980044568000000
1301779951466000000
1323838785464000000
1305693629634000000
1317523151443000000
1315986201382000000
1304911846793000000
1335089970414000000
1305008873404000000
1320522151857000000
1310146174299000000
1334874680205000000
1334045096417000000
1346740641878000000
1304325011164000000
1313142051119000000
1343208871825000000
1319954501198000000
1339284555280000000
1335274322267000000
1305595964339000000
1324105128799000000
1334047661507000000
1320285688769000000
1327162746504000000
1321007586748000000
1335517546005000000
1328313737961000000
1336422692856000000
1312423496545000000
1314220794599000000
1315937878312000000
1340467400928000000
1322888452404000000
1317185427268000000
1333262036332000000
1331804262553000000
1340934082247000000
1305210458609000000
1306906458248000000
1314498981467000000
1312359140402000000
1339851015077000000
1318975385682000000
1330875472798000000
1308049149626000000
1346494659862000000
1347444094472000000
1316588831840000000
1345037354545000000
1309401804975000000
1321241014372000000
1320729684799000000
1340601007555000000
1330800367758000000
1310232486709000000
1308271238870000000
1325683751784000000
1329905122694000000
1340657820167000000
1326411892055000000
1336802573933000000
1316069245042000000
1327229035440000000
1339540293761000000
1324576573491000000
1323899793780000000
1313735468860000000
1329497432938000000
1334735312638000000
1343390655905000000
1330842340692000000
1324425845592000000
1303901651783000000
1307088940782000000
1335610926861000000
1306492520065000000
1306835093439000000
1342075309505000000
1321572138609000000
1345465790232000000
1340672814369000000
1338949482303000000
1338285294877000000
1324378979806000000
1334267127351000000
1329782999144000000
1341921855040000000
1344742447962000000
1346569192203000000
1335776781604000000
1344442670762000000
1346070784703000000
1298434150052000000
1308938266025000000
1280456442243000000
1280932002070000000
1343308834242000000
1274009651348000000
1284022452075000000
1272592941283000000
1277170205334000000
1286905325094000000
1315617101248000000
1334085062516000000
1298237640714000000
1346822830147000000
1312288941450000000
1320359824719000000
1303817056857000000
1339433953438000000
1282919341718000000
1303681761032000000
1285788804012000000
1324814955014000000
1340909009995000000
1296983906577000000
1293880663302000000
1313831419049000000
1339512377549000000
1290965482348000000
1333607630648000000
1344189814516000000
1307000643096000000
1326668936423000000
1344458932112000000
1301910532502000000
1335060078917000000
1315703178015000000
1282939953190000000
1294486513247000000
1320880228015000000
1334879446974000000
1296506108361000000
1313235066947000000
1338418075596000000
1333904109707000000
1314335761170000000
1307706942332000000
1292733422603000000
1329761046625000000
1341164146061000000
1297119166819000000
1343505454506000000
1311859149694000000
1326132017560000000
1293821901165000000
1303956795622000000
1316389894693000000
1292061272725000000
1315291765830000000
1333680485774000000
1282094304917000000
1333660299548000000
1288832233269000000
1312146805629000000
1318147352125000000
1343973492385000000
1295395333247000000
1287927612327000000
1342371936634000000
1324099268758000000
1340068746890000000
1281078842614000000
1289498680890000000
1292905104890000000
1328462368555000000
1293233372848000000
1313344943279000000
1305028319100000000
1297092367884000000
1297872161394000000
1310718359471000000
1334686537609000000
1336431193390000000
1342175220445000000
1337611349519000000
1345439079901000000
1330132904030000000
1342607292942000000
1337638468248000000
1340491576146000000
1343735288755000000
1344751102631000000
1330837891836000000
1345892239692000000
1328960288267000000
1335308632900000000
1298422011453000000
1310193554464000000
1295262345319000000
1343139938453000000
1329988301972000000
1343513652379000000
1309217517716000000
1341016017185000000
1325614218055000000
1319253053232000000
1317151888657000000
1318004876870000000
1329881810966000000
1309324399976000000
1317428867707000000
1338808740373000000
1347123910923000000
1312349079612000000
1312101973856000000
1298129123157000000
1335221752786000000
1296481945695000000
1343429272929000000
1323071733144000000
1297295037384000000
1306943789782000000
1344404964446000000
1338324612401000000
1332665687124000000
1303643110188000000
1344759723060000000
1323550128927000000
1298150351168000000
1302937476803000000
1334962925570000000
1326800838607000000
1297074235433000000
1318844733327000000
1305899355243000000
1341680448495000000
1342214780061000000
1324307741827000000
1334376739654000000
1311629245741000000
1326662699788000000
1330140658948000000
1325514443232000000
1332855115843000000
1306230740428000000
1319199359416000000
1318593180470000000
1316856481465000000
1305056115521000000
1340688277633000000
1334201331316000000
1341574946948000000
1333324413159000000
1289369456309000000
1316634678225000000
1318747115868000000
1310167797605000000
1336009063101000000
1292239162283000000
1327510442110000000
1334857959802000000
1345510895004000000
1337763290641000000
1283014603115000000
1296735019047000000
1303012914268000000
1303916260459000000
1338687595220000000
1282507826903000000
1318554241886000000
1323414105132000000
1346004566593000000
1312638790616000000
1338060665324000000
1273271564356000000
1330158503817000000
1274556327739000000
1311525195802000000
1301825941143000000
1342283555476000000
1317385860255000000
1302202479181000000
1339134608188000000
1325951864997000000
1279297365596000000
1341175820993000000
1334522486026000000
1305967783821000000
1284670756257000000
1328660450983000000
1280544676119000000
1279715459108000000
1312381552006000000
1329272122612000000
1277395934654000000
1314563581634000000
1315762218897000000
1274677477974000000
1278102474545000000
1286579189754000000
1306384302056000000
1283171347108000000
1302758076996000000
1305439165398000000
1317692669107000000
1329171044239000000
1329737293155000000
1290087690345000000
1297164961588000000
1343511305062000000
1329842391328000000
1310859687742000000
1297655828155000000
1317137516336000000
1322220787398000000
1325363028322000000
1333307625184000000
1314625155246000000
1317038088276000000
1328754905786000000
1340285385886000000
1283940265343000000
1324052880858000000
1328632060545000000
1343908162769000000
1331227045734000000
1305512579940000000
1333109978612000000
1324598942172000000
1306258035756000000
1283782156389000000
1337292249040000000
1307413364271000000
1319956496933000000
1323533157724000000
1304947409460000000
1333921532707000000
1303094355178000000
1330926664681000000
1304114297701000000
1336570238929000000
1306211819238000000
1313422746628000000
1297308971534000000
1313132702864000000
1341519608500000000
1323869689259000000
1325510046422000000
1305635284564000000
1332591265244000000
1346887258644000000
1334520595958000000
1304870846415000000
1325182822384000000
