1287309504148000000
1343520457584000000
1304901535490000000
1272092734423000000
1313749259596000000
1307886154197000000
1279259554089000000
1302529252162000000
1341259344562000000
1310994517162000000
1294152132197000000
1338648164745000000
1343385302009000000
1317883170153000000
1330360686115000000
1282092442200000000
1303715340751000000
1271473707443000000
1347430009076000000
1342599716432000000
1319199942620000000
1293901434514000000
1332391661671000000
1324079348399000000
1312661475219000000
1329490925482000000
1302199421210000000
1312741583883000000
1341851079765000000
1332045603488000000
1346810204678000000
1346731408267000000
1343786685600000000
1324637154740000000
1308362277625000000
1339946210837000000
1337124105484000000
1337450348151000000
1340020390305000000
1311401916762000000
1335091004635000000
1328292228300000000
1344171078916000000
1337056187953000000
1339234501826000000
1327293024755000000
1343572867461000000
1342859545561000000
1337750522941000000
1270935536876000000
1283030888105000000
1344429775500000000
1347117919921000000
1324983596191000000
1335268681267000000
1323383030036000000
1327882745475000000
1336079132860000000
1336818212127000000
1346680716835000000
1327860292324000000
1331328741534000000
1337574352561000000
1324708967112000000
1342796835965000000
1341510090166000000
1335276238419000000
1344390630110000000
1320699807114000000
1341586931737000000
1309030967975000000
1316054123893000000
1332849369098000000
1319963555472000000
1345459692438000000
1284017556239000000
1344079080204000000
1346868279512000000
1298376719390000000
1309850428588000000
1341077869869000000
1336853199721000000
1281436944823000000
1314206871441000000
1333168364078000000
1297753738646000000
1296477261166000000
1335817455751000000
1314909857655000000
1324942277532000000
1328469421276000000
1342974692843000000
1286553216309000000
1327088035181000000
1331471078503000000
1279021462499000000
1284724087965000000
1344414525153000000
1318995503679000000
1324189421416000000
1332857914234000000
1281766195013000000
1324381289825000000
1342644916546000000
1289212160067000000
1290170184337000000
1340287719076000000
1311221282675000000
1328650959898000000
1297864117440000000
1316364908372000000
1298070017223000000
1346211213615000000
1295515638390000000
1310905734573000000
1335881887898000000
1318628897022000000
1326836154333000000
1305001313182000000
1286532733591000000
1342950092025000000
1334087296492000000
1297878870753000000
1314174491554000000
1318131957244000000
1337462110675000000
1323995993956000000
1338737802791000000
1326377312301000000
1322931407957000000
1329557983011000000
1333459969803000000
1346399016723000000
1318545533621000000
1328636979408000000
1323375135775000000
1346574419012000000
1283057014016000000
1315547403049000000
1332252249294000000
1296684193276000000
1343963193811000000
1297499727903000000
1346049785923000000
1314284507201000000
1328479920574000000
1318495970505000000
1316670535170000000
1345119565810000000
1321899391605000000
1335215119945000000
1332868471553000000
1326838938616000000
1315673123599000000
1341512338047000000
1286604712222000000
1283027603838000000
1287601381023000000
1312724649507000000
1335852440249000000
1289982251084000000
1327722108173000000
1326471814602000000
1296764801519000000
1345796029018000000
1310814888783000000
1329513922182000000
1329119144937000000
1283117281315000000
1319102500282000000
1279644768527000000
1345711959079000000
1286367413731000000
1298643124222000000
1313334292257000000
1307723089424000000
1331224871033000000
1333159737365000000
1344748406079000000
1323044260986000000
1325306997163000000
1281510655818000000
1303533362266000000
1282106134820000000
1290303233691000000
1289363170815000000
1342183024109000000
1312358163626000000
1325515815412000000
1336125058355000000
1283644425396000000
1293929118057000000
1282546625485000000
1306967999474000000
1327626042898000000
1341907227253000000
1338686469448000000
1325701382484000000
1334008406258000000
1307420813946000000
1346028124970000000
1335648962434000000
1306140946551000000
1340699038162000000
1305324887210000000
1340302450270000000
1315587365929000000
1295493697250000000
1298403594176000000
1346820209386000000
1304338647913000000
1320935320293000000
1316890606519000000
1310801338669000000
1338637824303000000
1306998025295000000
1332404870490000000
1342711897450000000
1338393841598000000
1318166047116000000
1347526538139000000
1334856423482000000
1310811132241000000
1297746649291000000
1324250383594000000
1334510099758000000
1287859701028000000
1319381005470000000
1316268921975000000
1317463972563000000
1298510283326000000
1288251589576000000
1347321828777000000
1295224325752000000
1338188370140000000
1307108494004000000
1341825639627000000
1325146395032000000
1322062083017000000
1326575603858000000
1334476720828000000
1341441517443000000
1315292361003000000
1322281094392000000
1316996082624000000
1330735613872000000
1312804551820000000
1326280631408000000
1329387474538000000
1307832266759000000
1317482868979000000
1331449237998000000
1313481825214000000
1327141597900000000
1336073832135000000
1324717406884000000
1327239686513000000
1347142927098000000
1317376456519000000
1329632410906000000
1332059621151000000
1312682148144000000
1324747195626000000
1327396321670000000
1343619540794000000
1339927496010000000
1334457027602000000
1342059649689000000
1328958697367000000
1338068796359000000
1333127520753000000
1346755198020000000
1343392674959000000
1333820386027000000
1318254192259000000
1298575630296000000
1346830454486000000
1333391985251000000
1335860646612000000
1293767676804000000
1293468859346000000
1315820992753000000
1334623307477000000
1317476012809000000
1293004017011000000
1298416410763000000
1339199257181000000
1339901021887000000
1297200114384000000
1289561405196000000
1339194960307000000
1325675018704000000
1328535099337000000
1345051447707000000
1347507821207000000
1324394091137000000
1333744727088000000
1336098972814000000
1343073226472000000
1322849876879000000
1302562278191000000
1290157658025000000
1305789695587000000
1309564349348000000
1307608032964000000
1293014109267000000
1328234138461000000
1345910624395000000
1316774717346000000
1333116502671000000
1300792924438000000
1314817057326000000
1339907741032000000
1328074830283000000
1311262407462000000
1325908166311000000
1326696710307000000
1327489069890000000
1345168686038000000
1327475256968000000
1324591421675000000
1335813063739000000
1341921358454000000
1297343182139000000
1330752709302000000
1290356321891000000
1297053042233000000
1297630586532000000
1328101547290000000
1338219841139000000
1342909556698000000
1347116157471000000
1288161690247000000
1289907429448000000
1298754176991000000
1297850784147000000
1339729020559000000
1296529821925000000
1284664094363000000
1338142369661000000
1296416034467000000
1295516167167000000
1288867309892000000
1333464900761000000
1286271477550000000
1283336287700000000
1322965406632000000
1305785102858000000
1297907547954000000
1342692716517000000
1314163928240000000
1308040763724000000
1303646152772000000
1315288068426000000
1314884560566000000
1332490684256000000
1342961281065000000
1301647179892000000
1333752496773000000
1298459110783000000
1296800919819000000
1304977667907000000
1318634266092000000
1335055152502000000
1340984973745000000
1306876796943000000
1328515631995000000
1326390050613000000
1330506845436000000
1302635780645000000
1343568594093000000
1323729784885000000
1323442677208000000
1324835543193000000
1312907761590000000
1345672513787000000
1299390623235000000
1316899156547000000
1346512768158000000
1297311111607000000
1327669890911000000
1331553727999000000
1339754899595000000
1309944756772000000
1319028913422000000
1334466931604000000
1334788517260000000
1323303557667000000
1323579033044000000
1334784672618000000
1337495834480000000
1346997830839000000
1274762923199000000
1342806230004000000
1345451570317000000
1320083089662000000
1345524753825000000
1347519508186000000
1313219659505000000
1344160791545000000
1290553917408000000
1274587854523000000
1323760909173000000
1280295805126000000
1326718452445000000
1285666688837000000
1302135669559000000
1315723188028000000
1342109417582000000
1320289191824000000
1269043676144000000
1327102133608000000
1328919797254000000
1337794979915000000
1307205921093000000
1330848190939000000
1336192010949000000
1323315463548000000
1275523004780000000
1332841110047000000
1339190756474000000
1294785736848000000
1292293652607000000
1296999557781000000
1293177266197000000
1295924406674000000
1289028768300000000
1317251287149000000
1328119478296000000
1303264488932000000
1297577859755000000
1315754124756000000
1303822992785000000
1339675729833000000
1341341288760000000
1320241766324000000
1311316401782000000
1309769283036000000
1321259341898000000
1334516107418000000
1332604539315000000
1336376539589000000
1345966834378000000
1336217679185000000
1344213333804000000
1331593430375000000
1289822023628000000
1320126449311000000
1311239888541000000
1290727024162000000
1315969484511000000
1326536768123000000
1295460167779000000
1310642347820000000
1271427950077000000
1304139787118000000
1329090864146000000
1274758009854000000
1330032980839000000
1310826825571000000
1302191460537000000
1317161719843000000
1340867191337000000
1327144445366000000
1309706796367000000
1298330259465000000
1317942427938000000
1324814310659000000
1267072821564000000
1278427283243000000
1279346483968000000
1302939757624000000
1269165686344000000
1310772963899000000
1274337479170000000
1281665318916000000
1306774960281000000
1269932286067000000
1292872550528000000
1321225300675000000
1266373677884000000
1295102953419000000
1317078545724000000
1331567452514000000
1306235247429000000
1281110363648000000
1322393752717000000
1280993486872000000
1331651365312000000
1284276205406000000
1295147255679000000
1306260324127000000
1335072578201000000
1312359036325000000
1322246357006000000
1293103503040000000
1335579119340000000
1284719942722000000
1319294079843000000
1305819479234000000
1325979770631000000
1319207888876000000
1310499101709000000
1334903753261000000
1346374134613000000
1324633068720000000
1282531371154000000
1278677916256000000
1278025532333000000
1341867176654000000
1298045590673000000
1327251783292000000
1313677093969000000
1281122994875000000
1296353049473000000
1290378503424000000
1295484932715000000
1276120245284000000
1340347521074000000
1297151261545000000
1307047770360000000
1330168810432000000
1298893112877000000
1308514157754000000
1303017039869000000
1312173789747000000
1298705740177000000
1329389646166000000
1287836826038000000
1301131155832000000
1307150184556000000
1284405265752000000
1293857293643000000
1295036779842000000
1335654432867000000
1283670421775000000
1288191370053000000
1324586835692000000
1329558805026000000
1306764958296000000
1293513835758000000
1281831490572000000
1337965618399000000
1342445876286000000
1320813913218000000
1312078209781000000
1311024857163000000
1346203921545000000
1319224368265000000
1306959121172000000
1326831307249000000
1311119084235000000
1323129388586000000
1324713435847000000
1342976396506000000
1318925878644000000
1336227119203000000
1345758277452000000
1346675238119000000
1347092749479000000
1313894755943000000
1315403037521000000
1308844243777000000
1329627637713000000
1316195744092000000
1316602003165000000
1338108861613000000
1323389674090000000
1308205273527000000
1328754070782000000
1326039061146000000
1309457736377000000
1346667324033000000
1315678157244000000
1321009417984000000
1330128181677000000
1341963119421000000
1335346337572000000
1327147892807000000
1328380123476000000
1315861722237000000
1334916464279000000
1331312255653000000
1308640295460000000
1336436460950000000
1339889023481000000
1333753163419000000
1342377401019000000
1333509958163000000
1324375958081000000
1330411547247000000
1336930439597000000
1347006360173000000
1343488478230000000
1336395120792000000
1318106495037000000
1342830524502000000
1320417087474000000
1341535593086000000
1330210620271000000
1341805789035000000
1317903905246000000
1334436647618000000
1319132081101000000
1342518919900000000
1320394762916000000
1328308020101000000
1336618389617000000
1341783261094000000
1329934691031000000
1345025879388000000
1336523935093000000
1347341690002000000
1320515282179000000
1347178829572000000
1292807587233000000
1306244131349000000
1341797836313000000
1338962092113000000
1315674195566000000
1342341945071000000
1298585828868000000
1324796632583000000
1317149829102000000
1318818780480000000
1341316627288000000
1342750163629000000
1337187342626000000
1305717752906000000
1308782872745000000
1327198409291000000
1346849406328000000
1296367774752000000
1335072748569000000
1341918092510000000
1341428176133000000
1316034480457000000
1298115160635000000
1321036384251000000
1332277285116000000
1345185598526000000
1330168272765000000
1314493084090000000
1316302423047000000
1304394923301000000
1338895578310000000
1328457773101000000
1333408269012000000
1343849344582000000
1334271911234000000
1323169416451000000
1332717438369000000
1310686522293000000
1325777086126000000
1346757251105000000
1341995968463000000
1326964699535000000
1307856408319000000
1333457108671000000
1342951660454000000
1346490697313000000
1325622067238000000
1347310797061000000
1339384697305000000
1343502782690000000
1339073983457000000
1311299937526000000
1312312867593000000
1325523000338000000
1334043041294000000
1310700730588000000
1309219205936000000
1337300904652000000
1286456693098000000
1300697249117000000
1270299518995000000
1298203954333000000
1326008759222000000
1318446945290000000
1321378478950000000
1335725881452000000
1268274540842000000
1294293814485000000
1316949165220000000
1306330249906000000
1334068919234000000
1308733756168000000
1341972577975000000
1291338924804000000
1297366225415000000
1297276190695000000
1334928434938000000
1328411081162000000
1323774735698000000
1295025856850000000
1336189822378000000
1324364238508000000
1333816925808000000
