1333424325685000000
1334072173222000000
1344110226700000000
1341811297734000000
1340479069575000000
1343554384786000000
1345919429908000000
1344051991393000000
1341781647472000000
1342077477218000000
1342943056927000000
1345143202054000000
1341863420993000000
1347310391091000000
1347235760516000000
1298249255997000000
1290389039046000000
1325326075119000000
1342773466928000000
1322959523037000000
1346870189058000000
1335496024125000000
1342826923305000000
1332821880064000000
1323365165086000000
1332270272636000000
1328719494378000000
1335427275650000000
1296993887737000000
1309609653289000000
1298514183109000000
1271737068659000000
1325789680203000000
1306873478699000000
1282774050376000000
1330767738182000000
1340164793266000000
1317895558006000000
1341415285775000000
1297993340128000000
1277586667994000000
1331670754812000000
1297422503570000000
1292785276979000000
1291255383754000000
1339097815118000000
1316808517747000000
1288234256500000000
1329486660228000000
1333519673392000000
1279406721588000000
1289408901410000000
1279669863533000000
1333024223975000000
1271852668372000000
1347493198847000000
1325647342137000000
1275207020781000000
1294811065006000000
1309096381175000000
1335252747548000000
1333864693296000000
1334326718471000000
1326398884337000000
1342913635965000000
1345303184090000000
1345317077083000000
1327147359192000000
1339461418614000000
1345952957832000000
1347421430368000000
1342910683366000000
1344386866051000000
1297988394350000000
1276587561563000000
1278025873760000000
1308561521613000000
1286252970925000000
1301213075015000000
1335360006313000000
1278727169436000000
1333259070067000000
1346165104530000000
1323826224079000000
1273412367012000000
1319809691689000000
1327261859519000000
1344246926731000000
1301417175447000000
1345395210493000000
1315817015296000000
1325239890961000000
1285398298725000000
1320607666433000000
1310416075094000000
1335965979449000000
1343945403353000000
1320260066634000000
1300743556068000000
1295029071549000000
1314822352311000000
1338926107496000000
1327564046912000000
1319840929171000000
1333893769669000000
1328753539277000000
1344450578147000000
1328898985608000000
1335846271932000000
1334400640890000000
1345048602133000000
1338396388698000000
1340581364068000000
1347203141503000000
1343871329707000000
1336598981392000000
1342410774190000000
1338903585281000000
1335163607805000000
1337762685703000000
1340103729752000000
1341263967303000000
1345332242421000000
1345806709643000000
1347491909793000000
1337750439543000000
1345687952046000000
1341335077599000000
1337067829413000000
1341672052591000000
1341760427353000000
1337909006504000000
1341042166153000000
1342213927652000000
1347488232086000000
1346225135997000000
1276141437434000000
1294275836492000000
1274354001246000000
1332319919695000000
1280792624565000000
1337825337844000000
1344026039391000000
1312848562747000000
1328788215310000000
1338054058930000000
1318555417791000000
1279340069992000000
1335468533962000000
1272205993678000000
1273292711522000000
1301422939296000000
1325537394894000000
1317769062419000000
1316228585046000000
1310218005408000000
1312971731253000000
1277507569660000000
1281971927269000000
1347320450242000000
1295652700019000000
1320263886324000000
1327483838065000000
1323458761301000000
1315060270515000000
1288039972443000000
1333262562872000000
1307184118900000000
1319048784723000000
1333932871544000000
1323036475438000000
1345386968831000000
1307024718319000000
1280700894013000000
1279581319764000000
1283225280442000000
1295739535941000000
1284353884251000000
1298165304816000000
1316273592235000000
1333752446052000000
1344750837649000000
1288145619918000000
1309957596642000000
1291018526657000000
1328833251735000000
1340261439364000000
1335638225122000000
1340519036414000000
1341121865237000000
1331177095532000000
1286927866123000000
1324968324648000000
1317938364192000000
1316906805645000000
1308258643571000000
1335827502722000000
1345695572459000000
1308405346342000000
1304140354307000000
1327034786606000000
1315702997212000000
1347029106236000000
1330195556050000000
1303555303632000000
1302336665409000000
1341890084718000000
1339153372450000000
1345738601594000000
1323708212461000000
1327449922892000000
1347244397977000000
1313208232610000000
1335994679554000000
1307780006479000000
1309013465681000000
1329905839537000000
1343450045840000000
1346892199607000000
1347365867639000000
1344880953049000000
1343086794552000000
1311298926020000000
1308189815515000000
1341476938044000000
1307949511581000000
1323468546602000000
1325333925478000000
1347458078429000000
1342417614490000000
1345016007835000000
1325004104073000000
1335746342193000000
1346313919699000000
1346818076073000000
1334380112956000000
1335584571408000000
1336198844997000000
1329638864117000000
1346918544995000000
1330291126511000000
1330571404848000000
1334062380001000000
1335913331073000000
1346558751796000000
1341298578743000000
1338841703949000000
1337188456521000000
1338626513211000000
1338502878643000000
1341059919884000000
1345074271909000000
1342976052641000000
1332943701881000000
1326578745465000000
1338210389066000000
1343053689984000000
1323529253211000000
1347257353306000000
1328446544228000000
1331934776602000000
1334386996770000000
1340579124231000000
1343357838052000000
1331656617690000000
1340008822693000000
1345032692360000000
1341017232324000000
1329315041595000000
1342678942002000000
1344782676743000000
1346973857842000000
1340598312568000000
1337946220622000000
1292904020873000000
1275651506226000000
1346719336527000000
1327990786071000000
1338558576760000000
1340926910547000000
1344824169386000000
1339625120319000000
1333160579171000000
1324139875074000000
1326435691818000000
1345341540358000000
1339974721471000000
1342822966402000000
1322913950220000000
1317878693613000000
1345457870076000000
1325024386255000000
1347194210210000000
1341751970638000000
1313812921285000000
1335437052842000000
1327570355239000000
1345231523468000000
1323297938088000000
1346023871114000000
1333202477595000000
1337417219402000000
1340699552376000000
1316478976769000000
1324860008541000000
1340914666754000000
1347254939757000000
1338131149111000000
1344723930909000000
1286796105587000000
1342909768453000000
1294843648563000000
1286140279905000000
1315572591986000000
1335492787313000000
1316006184202000000
1347293259938000000
1325033363261000000
1313767490795000000
1328807759022000000
1340520020644000000
1271224333517000000
1278415050648000000
1310700164699000000
1305689629697000000
1295245664638000000
1338922994010000000
1274183732426000000
1313286134874000000
1332134588802000000
1319513939465000000
1330233887313000000
1342505562972000000
1325234394765000000
1304003434495000000
1307558786394000000
1270909873778000000
1330307066074000000
1342206572930000000
1268206656212000000
1275198475702000000
1347253869514000000
1329938766290000000
1293506159310000000
1336134940113000000
1274151907070000000
1340561664461000000
1283348293307000000
1322726987353000000
1315909687462000000
1298907045833000000
1315511399248000000
1309752462356000000
1317640643429000000
1347432773596000000
1294504415561000000
1296696220610000000
1331716797418000000
1282988129535000000
1310043924087000000
1342510046697000000
1282412609511000000
1326324912961000000
1318651743824000000
1335789331096000000
1326888608739000000
1313366454146000000
1311620563423000000
1282411769905000000
1335499642348000000
1332794942999000000
1347113826568000000
1273330240272000000
1285609641950000000
1283025568567000000
1308488913515000000
1292807517184000000
1308883564242000000
1328416093686000000
1313480735231000000
1326958775251000000
1341064254441000000
1338717687261000000
1339801012691000000
1336190759633000000
1290765632858000000
1276005447014000000
1344069887613000000
1326973941700000000
1318074225353000000
1282396483720000000
1299288971096000000
1345301705319000000
1344999054529000000
1318932628960000000
1319985444671000000
1304662943345000000
1309901404443000000
1314815369949000000
1340529902400000000
1298287831219000000
1335336717694000000
1330262527874000000
1318871332152000000
1291286761325000000
1322834995148000000
1342253489266000000
1298581188456000000
1330001599724000000
1323064942937000000
1274530748935000000
1294848143932000000
1289113660479000000
1312568039505000000
1267435986280000000
1330264692481000000
1267572615096000000
1273295825473000000
1308218309893000000
1346365668903000000
1309638028820000000
1315959911148000000
1328117366641000000
1289161112563000000
1266885184079000000
1293599018936000000
1315254988172000000
1294598753333000000
1304754451863000000
1297991581253000000
1326605139128000000
1310532645470000000
1323512154997000000
1289262381053000000
1287440775933000000
1346011675526000000
1284648797661000000
1329498112474000000
1304610010000000000
1282505711642000000
1279735407713000000
1288393524302000000
1308157578386000000
1285145134642000000
1333303186171000000
1342312987718000000
1282810269929000000
1306201706328000000
1335581986709000000
1328557897454000000
1344148678167000000
1298750969106000000
1328272821788000000
1311222418799000000
1343451153209000000
1344176604641000000
1345608714001000000
1322589264609000000
1334799502601000000
1334135211648000000
1326307423987000000
1324488612881000000
1323489469149000000
1316415381613000000
1327686826250000000
1331122400415000000
1311257288959000000
1323115259235000000
1327720978517000000
1326087440808000000
1330804015756000000
1335399447511000000
1346589528418000000
1340896699499000000
1346745789887000000
1343555090328000000
1346822943858000000
1270254840004000000
1292713107510000000
1298715907749000000
1289126884574000000
1296719660025000000
1275611146052000000
1316139255321000000
1333781400373000000
1312493993728000000
1344002492462000000
1274808522557000000
1282311710839000000
1332364100068000000
1278963802011000000
1288194625870000000
1317055614958000000
1327892978807000000
1326781846491000000
1317377554210000000
1334355501801000000
1325879614776000000
1343478579607000000
1319778342983000000
1282241688646000000
1325229609406000000
1327198908643000000
1306721242706000000
1301644640266000000
1323638341901000000
1307747163771000000
1327788908113000000
1322844826147000000
1306977495468000000
1307409453821000000
1309080195333000000
1333218198989000000
1308149815198000000
1333364875113000000
1343124338976000000
1333575766975000000
1339582230539000000
1333937136960000000
1276229903741000000
1273641538969000000
1334711684881000000
1269699055193000000
1283655026452000000
1290234599583000000
1341637944099000000
1273483763300000000
1318045534065000000
1312227427963000000
1301270172722000000
1343590713293000000
1268729811122000000
1295680685500000000
1306791060511000000
1319695091106000000
1337532820842000000
1318680258724000000
1309537947625000000
1336528770254000000
1323369150747000000
1334759438037000000
1318048535240000000
1273614735020000000
1279408779551000000
1344430136399000000
1339159994007000000
1301228545536000000
1273458421222000000
1298523877925000000
1334376909555000000
1310901357547000000
1326283565265000000
1310161822317000000
1320259265937000000
1315276989038000000
1328333717598000000
1272115648139000000
1309711465740000000
1338915544071000000
1322938449892000000
1326414359096000000
1343010544670000000
1329399458899000000
1277963269279000000
1278047400642000000
1283212126173000000
1303491093589000000
1277776630721000000
1308726404386000000
1337072248493000000
1286702429912000000
1304856364789000000
1337896014943000000
1302003562622000000
1310087674734000000
1306858968145000000
1330303131606000000
1293598254640000000
1312543167536000000
1345742518758000000
1303355652639000000
1296921261750000000
1291363142271000000
1310175258453000000
1296455816033000000
1326994174042000000
1290952720774000000
1335228393441000000
1316400162526000000
1290924887483000000
1302338526296000000
1324586571821000000
1332897436107000000
1299700357121000000
1343900247478000000
1293001908463000000
1328788625186000000
1284438678207000000
1300266043172000000
1304309747740000000
1303288667316000000
1322348356917000000
1340398093690000000
1325215807797000000
1328993261983000000
1289081059663000000
1329345537999000000
1299004101170000000
1313809691897000000
1306583142733000000
1307278564239000000
1310891016423000000
1311133543770000000
1321151585875000000
1287256110532000000
1318722734540000000
1330275624383000000
1341485232297000000
1339174585063000000
1338826670021000000
1283120340533000000
1322159924136000000
1344035367703000000
1311616380565000000
1334560616887000000
1347338344629000000
1294511127431000000
1327302188610000000
1315246690762000000
1343269031974000000
1325510395115000000
1319909988498000000
1337761864187000000
1308726208181000000
1302500948954000000
1347367831828000000
1313103295881000000
1296151904671000000
1299502271223000000
1307717263945000000
1342986903992000000
1288199248093000000
1338048267209000000
1311959161912000000
1317484270896000000
1329633722399000000
1283682939034000000
1291822686841000000
1319633437664000000
1286771520616000000
1342576620615000000
1305889439737000000
1318641671511000000
1304689547661000000
1346568037144000000
1323585634202000000
1333550358736000000
1303000015158000000
1323449240368000000
1306416590933000000
1335561413594000000
1325289271087000000
1346949093852000000
1343536795643000000
1289732432012000000
1306192948153000000
1337236567232000000
1285962072776000000
1307963372966000000
1344046484066000000
1308660030525000000
1331359661141000000
1295474216022000000
1295459438283000000
1297691232130000000
1341829026756000000
1296163295794000000
1344257737568000000
1304327583515000000
1307283182231000000
1343828358209000000
1297761069715000000
1316993003371000000
1331803749253000000
1331804496638000000
1308591291406000000
1335682225206000000
1307016292573000000
1306858553460000000
1312316425927000000
1315237477713000000
1312368808789000000
1344431964729000000
1318581278234000000
1328537093539000000
1332405351318000000
1346650707438000000
1326080833216000000
1303309307948000000
1314462615915000000
1325119725938000000
1339774761875000000
1338133965848000000
1323287825693000000
1325339231964000000
1333735981462000000
1312397904883000000
1340992540206000000
1306892460792000000
1309656805421000000
1329029752195000000
1317187610465000000
1319378404835000000
1316903241810000000
1336848018679000000
1315536031452000000
1344026403997000000
1329047682651000000
1338489563236000000
1339035094830000000
1317858112861000000
1332364079839000000
1347381748395000000
1313725324313000000
1318351782111000000
1326251371317000000
1327401799639000000
1339731207055000000
1327953110686000000
1336567730478000000
1338840093834000000
1323073023441000000
1333246892642000000
1336734387374000000
1320268476671000000
1319219945961000000
1335110000974000000
1323307974633000000
1346480583872000000
1341449558611000000
1307418163714000000
