1335875575395000000
1337388408953000000
1337062616573000000
1335821231774000000
1336907534462000000
1336157175924000000
1337298914880000000
1337146794156000000
1335334280127000000
1336079997049000000
1334845565856000000
1336594603315000000
1335292995656000000
1336414174752000000
1337342992206000000
1337292249040000000
1335283215286000000
1335717544608000000
1337011868686000000
1337122079227000000
1336689694355000000
1335105319227000000
1335243564134000000
1336120778221000000
1336695613792000000
1334825325577000000
1336489744164000000
1335356716267000000
1335331936448000000
1335252747548000000
1336134940113000000
1335399447511000000
1337072248493000000
1335648962434000000
1336376539589000000
1336618389617000000
1337300904652000000
1343907442264000000
1345682012355000000
1344750969466000000
1344468374329000000
1345107416549000000
1344731041405000000
1345198703401000000
1344309464033000000
1345773586372000000
1344410004383000000
1345621039392000000
1343619540794000000
1343774653275000000
1343047268153000000
1343061433856000000
1345048602133000000
1342644916546000000
