1329315041595000000
1347525785427000000
1271348259876000000
1270909873778000000
1269932286067000000
1295058325440000000
1310623261658000000
1309605137317000000
1308308559331000000
1309597325853000000
1308343008169000000
1308767148498000000
1310505533729000000
1308591155479000000
1308258643571000000
1309638028820000000
1308771857145000000
1310733622042000000
1309024875853000000
1310181367382000000
1310315974775000000
1323912661455000000
1335690428866000000
1336984301406000000
1336516385494000000
1336734457395000000
1337886972749000000
1335494485723000000
1336649101001000000
1336612736487000000
1336931718150000000
1335876038199000000
1337611349519000000
1337019933675000000
1337761687731000000
1336759532279000000
1337573676162000000
1336434380140000000
1335471338348000000
1336865375280000000
1337343850310000000
1336388796940000000
1336497185659000000
1336400378624000000
1335358581137000000
1335544741624000000
1337532820842000000
1337236567232000000
1337056187953000000
1335654432867000000
1275523004780000000
1305976404514000000
1303826077011000000
1304449720331000000
1305104770980000000
1304018969181000000
1306029756059000000
1305789695587000000
1324136280580000000
1323974638235000000
1324254989107000000
1323859072946000000
1324514508320000000
1325457114919000000
1325647342137000000
1323826224079000000
1324381289825000000
1326039061146000000
1334176814784000000
1334247767686000000
1332841110047000000
1332717438369000000
1333804312848000000
1333771571089000000
1334493512262000000
1335909725302000000
1336188209750000000
1335610926861000000
1334846512880000000
1335747195049000000
1333678634231000000
1334839626390000000
1335664728699000000
1334173178113000000
1334397083086000000
1333910737409000000
1335827502722000000
1335091004635000000
1275042345196000000
1275482560810000000
1275427548345000000
1273689783340000000
1275520905996000000
1275207020781000000
1273412367012000000
1273330240272000000
1279422596329000000
1283782156389000000
1281212499588000000
1279958997016000000
1280700894013000000
1284899794518000000
1285609641950000000
1285962072776000000
1292872550528000000
1315547403049000000
1314089098699000000
1313813065558000000
1312757548434000000
1314883512907000000
1313010786413000000
1313223392737000000
1324358583788000000
1330931457335000000
1331808473054000000
1332000599784000000
1331150422139000000
1331429867417000000
1330307066074000000
1332252249294000000
1342551092163000000
1341747860534000000
1342206572930000000
1347454911647000000
1345159288405000000
1345055924253000000
1345734255242000000
1346281719120000000
1347200037194000000
1347230553148000000
1345237105649000000
1346145518821000000
1345154195183000000
1347473284407000000
1347235760516000000
1345695572459000000
1346028124970000000
1345507328530000000
1268546578365000000
1269441621649000000
1268206656212000000
1271473707443000000
1276284222146000000
1277194656004000000
1279581319764000000
1277776630721000000
1285574803018000000
1282954342583000000
1283171347108000000
1283230936567000000
1285503994487000000
1283225280442000000
1283670421775000000
1286217868214000000
1316439684176000000
1316809308794000000
1315986201382000000
1315813383556000000
1315089532658000000
1316037777274000000
1317026947004000000
1317316513325000000
1315959911148000000
1317251287149000000
1327396321670000000
1334400497310000000
1274381323321000000
1274477671247000000
1275198475702000000
1302758076996000000
1301341685736000000
1305798538376000000
1305635452853000000
1305264023004000000
1306435367348000000
1305582254694000000
1305189397490000000
1305185373546000000
1306376578736000000
1305436583049000000
1306434466803000000
1304911846793000000
1306492520065000000
1304947409460000000
1304966272085000000
1305643478149000000
1305195009480000000
1306142838686000000
1305508002575000000
1305339562084000000
1306414906220000000
1307069795010000000
1305249399524000000
1306922134734000000
1311257288959000000
1306977495468000000
1307016292573000000
1309457736377000000
1305717752906000000
1312393658738000000
1312576604207000000
1327405161208000000
1327876544698000000
1328033957105000000
1327676319931000000
1326920696025000000
1328664142579000000
1327080086047000000
1328815417973000000
1326611859448000000
1327323880196000000
1328117366641000000
1328292228300000000
1326838938616000000
1288146786288000000
1289618127775000000
1288696340680000000
1288802350318000000
1286859716747000000
1289208993129000000
1286827090742000000
1287627538444000000
1287829101781000000
1287817703773000000
1288132215405000000
1288888595368000000
1288866013507000000
1287564131430000000
1288161690247000000
1300784958350000000
1300076532094000000
1301039115313000000
1301831492093000000
1300332770231000000
1301422939296000000
1301644640266000000
1321609534795000000
1321027188068000000
1320070703805000000
1321225300675000000
1320394762916000000
1347209447135000000
1347253869514000000
1282426778101000000
1283378780825000000
1283854642703000000
1283025568567000000
1282011568941000000
1281200133449000000
1282106134820000000
1295048998040000000
1293673121070000000
1294562701196000000
1293899658834000000
1294808587953000000
1295051472987000000
1294825507919000000
1293729254103000000
1292905104890000000
1293400655045000000
1292972935599000000
1294020078376000000
1294259746100000000
1293072435916000000
1294456527125000000
1293938176859000000
1294984178237000000
1293486695123000000
1294198713009000000
1294811065006000000
1293901434514000000
1308058475094000000
1306514636390000000
1307470015444000000
1308583927917000000
1308400319349000000
1308397706280000000
1308488913515000000
1307963372966000000
1307418163714000000
1318482644377000000
1318262758127000000
1320401505110000000
1331701074029000000
1332180212467000000
1346823167647000000
1266373677884000000
1288677518276000000
1288912871328000000
1287853230381000000
1289161112563000000
1293351694407000000
1295574732734000000
1295029071549000000
1295102953419000000
1310416468385000000
1309997012893000000
1311131174830000000
1329874295633000000
1329719556181000000
1329480398873000000
1329320179437000000
1330504256052000000
1328270922750000000
1339729852997000000
1339705089938000000
1339602134722000000
1340170953674000000
1340985122798000000
1339121338515000000
1340738733044000000
1345629518536000000
1344046484066000000
1275588004581000000
1275714294305000000
1276921104329000000
1277663206719000000
1275820303813000000
1276260807537000000
1277170205334000000
1276694025777000000
1277506104192000000
1275651506226000000
1279782632887000000
1305614451197000000
1305439165398000000
1305979311344000000
1305441947717000000
1305826644406000000
1308919632559000000
1308877218245000000
1307147487836000000
1308756948613000000
1307975479879000000
1307286004833000000
1308842898387000000
1308157185598000000
1307997898136000000
1309096381175000000
1308405346342000000
1307780006479000000
1307409453821000000
1308660030525000000
1309564349348000000
1308782872745000000
1309219205936000000
1306705597164000000
1307268044578000000
1308117706221000000
1308020939821000000
1306835093439000000
1307733491205000000
1307926382103000000
1306201706328000000
1306858553460000000
1307608032964000000
1308733756168000000
1319258312554000000
1316721330050000000
1318975385682000000
1317692669107000000
1318730605057000000
1317582684079000000
1317575781028000000
1317792786567000000
1317908253614000000
1317063963214000000
1316863546190000000
1318758466851000000
1317902115430000000
1317169960573000000
1317878693613000000
1317078545724000000
1331395588536000000
1329445975737000000
1330346312492000000
1331566438487000000
1330316036544000000
1330875472798000000
1331102316410000000
1330811616643000000
1331507931026000000
1330698794819000000
1330329941946000000
1330723517424000000
1329938766290000000
1331359661141000000
1328875431369000000
1328462368555000000
1329171044239000000
1328308020101000000
1336885296545000000
1339190756474000000
1342849456741000000
1343737102523000000
1343623252385000000
1344289917645000000
1343257624771000000
1344019321048000000
1342464450544000000
1344978272886000000
1344080974190000000
1343451159500000000
1342175460364000000
1342581350887000000
1343688592325000000
1344221647129000000
1342997435875000000
1343430890136000000
1343095459877000000
1343036369628000000
1344199508713000000
1341911029841000000
1343905036584000000
1344296975398000000
1343123663853000000
1342474816647000000
1342826923305000000
1343086794552000000
1342678942002000000
1342796835965000000
1344390630110000000
1346641127550000000
1292954512004000000
1293784502090000000
1293233372848000000
1292958805497000000
1294605142092000000
1293903303017000000
1292134993256000000
1293926305330000000
1294465074903000000
1293506159310000000
1292807517184000000
1293014109267000000
1293729523962000000
1294068012564000000
1295474216022000000
1295006266941000000
1295480800550000000
1296502309558000000
1295739535941000000
1295459438283000000
1296684193276000000
1294785736848000000
1303040584849000000
1304224079183000000
1303395860767000000
1303509544274000000
1304004360672000000
1304266899111000000
1310471753501000000
1310334306830000000
1309172291792000000
1310338836359000000
1309793707541000000
1310292440606000000
1309013465681000000
1308883564242000000
1308726404386000000
1309656805421000000
1265409711869000000
1266885184079000000
1286245612639000000
1287852742701000000
1288191370053000000
1329737293155000000
1329870116451000000
