1297655828155000000
1305054251676000000
1304391448233000000
1304889558263000000
1306024334113000000
1304507119120000000
1304901535490000000
1325221738533000000
1325337856446000000
1324597485381000000
1324323545685000000
1323562040680000000
1324100319772000000
1323671875766000000
1326097385347000000
1325964034181000000
1325789680203000000
1325641556195000000
1324333798737000000
1323869689259000000
1325025449554000000
1325645158579000000
1324445569002000000
1325362135605000000
1325537394894000000
1325515815412000000
1325622067238000000
1326937436336000000
1325510046422000000
1325004104073000000
1327538200616000000
1327510442110000000
1328779419599000000
1327627035793000000
1327992034617000000
1327145112976000000
1326973941700000000
1328650959898000000
1328587924989000000
1328654910884000000
1328573953767000000
1326957517267000000
1328501614493000000
1327142653182000000
1327319142875000000
1328348726938000000
1335826329051000000
1334744406899000000
1336139621390000000
1336241611718000000
1335736214300000000
1336236785831000000
1334204704574000000
1334314691259000000
1335045736852000000
1334184156438000000
1336193438497000000
1333831388717000000
1333786372971000000
1334874680205000000
1334857959802000000
1335327114012000000
1334047946149000000
1334631566324000000
1334371418488000000
1333721208383000000
1334796011399000000
1335372211317000000
1334668522121000000
1334897956351000000
1334254702266000000
1333893769669000000
1335746342193000000
1334759438037000000
1335852440249000000
1336125058355000000
1270231524994000000
1270575056144000000
1271100315453000000
1270254840004000000
1270299518995000000
1286726793665000000
1286537361793000000
1287198415564000000
1287566639880000000
1287212704165000000
1286140279905000000
1287440775933000000
1293800149407000000
1291363142271000000
1293103503040000000
1290954621171000000
1289858258736000000
1291462667930000000
1291183528446000000
1291390985114000000
1290736104378000000
1290871933878000000
1289130959290000000
1289394426193000000
1290671233121000000
1289500407490000000
1292722360805000000
1289982251084000000
1289907429448000000
1297649494270000000
1297864117440000000
1309979785115000000
1311256124694000000
1310167824015000000
1310057351786000000
1309423857524000000
1308168858328000000
1309790091548000000
1308234112504000000
1309369426229000000
1310262182318000000
1309969598076000000
1310175258453000000
1309769283036000000
1318034965560000000
1317570388424000000
1317150944221000000
1316165402782000000
1320729053684000000
1316986716486000000
1316456469601000000
1317656663032000000
1317934801654000000
1317137516336000000
1317510028551000000
1316754382256000000
1315498813531000000
1315640196480000000
1316524138094000000
1317469867845000000
1318055333902000000
1317769062419000000
1316273592235000000
1315909687462000000
1317187610465000000
1316054123893000000
1316364908372000000
1315673123599000000
1316034480457000000
1340989315844000000
1341781923128000000
1270721793204000000
1293276492547000000
1292494947068000000
1293052345311000000
1292464106888000000
1292869638758000000
1293468859346000000
1290965482348000000
1297887427173000000
1296605351977000000
1297435987839000000
1298308257708000000
1298105886074000000
1298196777209000000
1298044127112000000
1297625234123000000
1297892189512000000
1297544925556000000
1297224805115000000
1297057470621000000
1298271912378000000
1298510512354000000
1298394981473000000
1298296437700000000
1296880917346000000
1298854353003000000
1297904853516000000
1297988394350000000
1298907045833000000
1296455816033000000
1298070017223000000
1297499727903000000
1297746649291000000
1298754176991000000
1298115160635000000
1298203954333000000
1305635284564000000
1306444337129000000
1325439646382000000
1325739188528000000
1323267935404000000
1324492279731000000
1327635769502000000
1326456626796000000
1325617733555000000
1326657941200000000
1326675913105000000
1326079874645000000
1327069625159000000
1326859608733000000
1327600348841000000
1326204345354000000
1325697592955000000
1328047123091000000
1326842671456000000
1327135191318000000
1327827465824000000
1326674422641000000
1326027978460000000
1325614218055000000
1327712251183000000
1327867876271000000
1326021058947000000
1327582233274000000
1326931037618000000
1326189087640000000
1327343352027000000
1326773642771000000
1327043823591000000
1326557940663000000
1327466596116000000
1325576313872000000
1327636577642000000
1327737215899000000
1325626136509000000
1326988928694000000
1326843302083000000
1326838525698000000
1327027546350000000
1325999575598000000
1325978426607000000
1326702796103000000
1327428346100000000
1325638315449000000
1327286909852000000
1327206769902000000
1327893743079000000
1327034786606000000
1327990786071000000
1326307423987000000
1327720978517000000
1326087440808000000
1326994174042000000
1327722108173000000
1327475256968000000
1327198409291000000
1325777086126000000
1326008759222000000
1332572096123000000
1333388356775000000
1332980867333000000
1334140786046000000
1334138914782000000
1333383686248000000
1333259389416000000
1332792636411000000
1333400401943000000
1334045096417000000
1334085062516000000
1333607630648000000
1332591265244000000
1333546324700000000
1332055403439000000
1333250727237000000
1332270808056000000
1332670407939000000
1332921226653000000
1334933745767000000
1332626487985000000
1332891642921000000
1332290522752000000
1333205036633000000
1333998351982000000
1334103348596000000
1333899029314000000
1333731576711000000
1332167303963000000
1334143911634000000
1333752446052000000
1333937136960000000
1332045603488000000
1332849369098000000
1332404870490000000
1332490684256000000
1346382249629000000
1344189814516000000
1344600583340000000
1342961281065000000
1274587135036000000
1292061994286000000
1301647179892000000
1307000643096000000
1308244158930000000
1306201570607000000
1306586838339000000
1306873478699000000
1315024859394000000
1313950752489000000
1314589045170000000
1319656818677000000
1320570798639000000
1319148852994000000
1319087988040000000
1321096614463000000
1319142617818000000
1320482909850000000
1321410346049000000
1319253053232000000
1321431624247000000
1319221813276000000
1319107831897000000
1321173563517000000
1321629268070000000
1319304532821000000
1319043535770000000
1320859728859000000
1320763173190000000
1321365721773000000
1319194297288000000
1319165912927000000
1321454172165000000
1319521005532000000
1319378404835000000
1319963555472000000
1320083089662000000
1320515282179000000
1321036384251000000
1325940668167000000
1326668936423000000
1327265168601000000
1326552711172000000
1324864611865000000
1325878918672000000
1326471814602000000
1296955998038000000
1330675324389000000
1336887370208000000
1335579119340000000
1336930439597000000
1344799636894000000
1345348324628000000
1345089786475000000
1346762047524000000
1346471256073000000
1344571426225000000
1346751195665000000
1345382742232000000
1345441405271000000
1345147659231000000
1345669751860000000
1344458932112000000
1345439079901000000
1345510895004000000
1346593880728000000
1344733411559000000
1344570217227000000
1344983486664000000
1345583856461000000
1345088134886000000
1344291238062000000
1346636550676000000
1345527971601000000
1346457027481000000
1345985742446000000
1345242872176000000
1345009710813000000
1344902717324000000
1345356953197000000
1345432029781000000
1344377886805000000
1346002098427000000
1345303184090000000
1345395210493000000
1344750837649000000
1346313919699000000
1346810204678000000
1346211213615000000
1346049785923000000
1345168686038000000
1345524753825000000
1346154779467000000
1347369792197000000
1347444094472000000
1347479213865000000
1347213941771000000
1347254939757000000
1347519508186000000
1264148780183000000
1265014948449000000
1283472201718000000
1285616411979000000
1283678384411000000
1283406450206000000
1284719942722000000
1319241315702000000
1318904831900000000
1320205961135000000
1321572138609000000
1319210640005000000
1318452409334000000
1318290830413000000
1320778709528000000
1318495970505000000
1319294079843000000
1274189161083000000
1347029423470000000
1346847898843000000
1347035763613000000
1347408560895000000
1347490369105000000
1346929676847000000
1346992275591000000
1346892199607000000
1346675238119000000
1347006360173000000
1267779718607000000
1265810681991000000
1277984556211000000
1278120980940000000
1278872777744000000
1290952720774000000
1314945568677000000
1316876976337000000
1315587141158000000
1316028577006000000
1315817015296000000
1315511399248000000
1316903241810000000
1315820992753000000
1315754124756000000
1315969484511000000
1346253778377000000
1346714778626000000
1345228965098000000
1344891871368000000
1345832668467000000
1345711147287000000
1347196372820000000
1346140157782000000
1346740641878000000
1346887258644000000
1346127851360000000
1345126278178000000
1345247472798000000
1347042448237000000
1344921029602000000
1346060867085000000
1346909829828000000
1346635332484000000
1346443879577000000
1347259920462000000
1345317077083000000
1345332242421000000
1347365867639000000
1346818076073000000
1346011675526000000
1345459692438000000
1345910624395000000
1346203921545000000
1346667324033000000
1299676852292000000
1298112634318000000
1301910532502000000
1304931950854000000
1315050708546000000
1316121334635000000
1316331464549000000
1316605986480000000
1314669269106000000
1314746317777000000
1316286446312000000
1315235220036000000
1316228585046000000
1315572591986000000
1315237477713000000
1322893852529000000
1323794850334000000
1322743286421000000
1324058085868000000
1329874580464000000
1335231545402000000
1333950465018000000
1335131009149000000
1335035813921000000
1333545234706000000
1334935794321000000
1335284027871000000
1335699294294000000
1335060078917000000
1334520595958000000
1334177644682000000
1334386906685000000
1334891594085000000
1335744549774000000
1334220065522000000
1333602313277000000
1335599498040000000
1333891258621000000
1333864693296000000
1334380112956000000
1334623307477000000
1333752496773000000
1344398238319000000
1347468937629000000
1342553104652000000
1343222764207000000
1343639708483000000
1343555691625000000
1343803728363000000
1344251759489000000
1343488478230000000
1288225590160000000
1287619093445000000
1286271298561000000
1286376776538000000
1288622246725000000
1288145619918000000
1310218005408000000
1309752462356000000
1314907071707000000
1315931205200000000
1315202357437000000
1316274087891000000
1320371969509000000
1320682932703000000
1321078314762000000
1322778564495000000
1322751480655000000
1321694071580000000
1322220787398000000
1320380286454000000
1320756951305000000
1321694263127000000
1321469696834000000
1321301372501000000
1321943403507000000
1325256953904000000
1328570887864000000
1331850814790000000
1330716066572000000
1331167602804000000
1330837891836000000
1332447324050000000
1331600931064000000
1332296863260000000
1332642308599000000
1337391402170000000
1337714596500000000
1336035724847000000
1336623781999000000
1337035326005000000
1337412368948000000
1336645900868000000
1337033245525000000
1336685066841000000
1337698119263000000
1337722058367000000
1335584571408000000
1335492787313000000
1335228393441000000
1335431897752000000
1334311791441000000
1336198844997000000
1336395120792000000
1267840247721000000
1266563722590000000
1275115895649000000
1274395420929000000
1276627821251000000
1274466602145000000
1276288399749000000
1276587561563000000
1274354001246000000
1275611146052000000
1276229903741000000
1304371654583000000
1304882217503000000
1305789209005000000
1304870846415000000
1305365490458000000
1305819479234000000
1316072736815000000
1317195571550000000
1315940967084000000
1317244486876000000
1317650742902000000
1317151888657000000
1315999796007000000
1316282157704000000
1316538778130000000
1317562088828000000
1317108429857000000
1318173206917000000
1316670535170000000
1318166047116000000
1318446945290000000
1316960967663000000
1317975715175000000
1318042985466000000
1321375300035000000
1316469759115000000
1317235810824000000
1317058006927000000
1316745406343000000
1316558064921000000
1317135701984000000
1316514445666000000
1316971135346000000
1317080490973000000
1321051223056000000
1317713138985000000
1316976040019000000
1317104075485000000
1321409496494000000
1316114860601000000
1316588831840000000
1315703178015000000
1318004876870000000
1315893331316000000
1317921162535000000
1316418586878000000
1316998191740000000
1315735131178000000
1317465553563000000
1317589166603000000
1317142520091000000
1316862565402000000
1317470106742000000
1316866719987000000
1316916393795000000
1315654195372000000
1316386068189000000
1317247818625000000
1315949883899000000
1319605555006000000
1315702997212000000
1316006184202000000
1317640643429000000
1318074225353000000
1316139255321000000
1318048535240000000
1316400162526000000
1315587365929000000
1316268921975000000
1316996082624000000
1317476012809000000
1316774717346000000
1315678157244000000
1318106495037000000
