1297709727105000000
1327631257637000000
1344571426225000000
1316595614749000000
1340875637085000000
1305869560072000000
1333905943051000000
1307244264315000000
1326921330287000000
1313544797626000000
1330280924827000000
1323974638235000000
1335562135369000000
1326846422958000000
1344603010393000000
1346958728547000000
1328073565455000000
1342003025531000000
1337778994492000000
1337298914880000000
1346751195665000000
1347404326507000000
1338486267694000000
1339155047207000000
1330535756912000000
1332980867333000000
1333358688305000000
1345228965098000000
1339774067755000000
1339891755391000000
1340676940096000000
1270441600452000000
1314407785145000000
1290954621171000000
1326675913105000000
1317195571550000000
1285433279981000000
1294903409345000000
1297976104205000000
1282270971284000000
1298409072328000000
1307928484927000000
1278737772308000000
1339164507381000000
1295690221288000000
1311510146870000000
1314175303063000000
1341142292800000000
1284250521684000000
1294663828560000000
1281205410830000000
1282011568941000000
1288677518276000000
1275714294305000000
1303040584849000000
1304131497833000000
1288783181049000000
1288204671743000000
1346353021415000000
1326957517267000000
1287619093445000000
1316469759115000000
1329676525517000000
1298613363643000000
1347305617745000000
1310585666748000000
1341852860641000000
1320020122203000000
1328580896029000000
1326768072735000000
1294540881882000000
1335384845748000000
1331991817285000000
1342933442527000000
1337043264791000000
1317213594900000000
1289043690028000000
1286859716747000000
1307268044578000000
1325203213995000000
1318766741805000000
1330081438814000000
1309423857524000000
1296605351977000000
1315050708546000000
1314907071707000000
1330716066572000000
1316846978227000000
1310564923065000000
1301425971960000000
1329063244588000000
1297598479709000000
1303233659813000000
1318317233255000000
1312442809647000000
1319859382539000000
1296735197205000000
1322026199228000000
1312330113237000000
1324634080388000000
1296872999410000000
1306156164561000000
1342723414673000000
1335494802474000000
1306890322441000000
1343839782002000000
1324554439724000000
1347402083989000000
1306650305193000000
1304733749087000000
1343871419726000000
1302838002974000000
1306877390275000000
1340885810422000000
1328052493400000000
1329416878757000000
1323628280276000000
1340587663329000000
1335156440938000000
1320205961135000000
1315940967084000000
1317235810824000000
1322008542764000000
1328026509434000000
1339067787946000000
1332987768096000000
1312757548434000000
1340489788870000000
1326993292092000000
1345848870722000000
1325500330849000000
1322250083880000000
1339568239746000000
1336704898812000000
1331159437952000000
1324299554596000000
1329165375618000000
1334647658802000000
1333538149532000000
1323580837970000000
1330171853005000000
1324254989107000000
1331808473054000000
1347047878716000000
1289110621170000000
1318668770530000000
1308208686296000000
1328701619409000000
1317058006927000000
1330654147830000000
1308541225825000000
1320016873453000000
1316152812258000000
1308994272074000000
1333978788047000000
1307711624720000000
1274381323321000000
1337146794156000000
1295221402522000000
1285699693429000000
1295048998040000000
1344057400329000000
1298234663984000000
1285860027898000000
1342212218804000000
1323178582679000000
1306076744006000000
1298381492774000000
1324323545685000000
1333545234706000000
1316745406343000000
1340158865044000000
1340687068758000000
1311127670447000000
1297821366128000000
1335738586343000000
1322887050242000000
1310331777111000000
1318255142639000000
1302491209233000000
1307015025399000000
1328811276182000000
1338143058956000000
1320234711873000000
1337003308548000000
1300482161438000000
1312507900983000000
1344733258119000000
1309468227113000000
1328501614493000000
1315931205200000000
1320682932703000000
1331167602804000000
1337391402170000000
1296435531423000000
1324355732797000000
1330868239405000000
1338087657731000000
1297147514346000000
1313626580939000000
1297526064676000000
1301685188207000000
1318426399737000000
1314055591687000000
1335614592712000000
1319646736843000000
1340470862815000000
1307738851533000000
1342926737721000000
1345976323011000000
1334850712188000000
1341858400285000000
1343152095116000000
1302837253847000000
1343774653275000000
1327132558905000000
1323974904095000000
1337622030093000000
1336241611718000000
1337714596500000000
1345179863126000000
1338809940159000000
1341551295815000000
1334771282215000000
1330735422539000000
1329005321457000000
1342061703004000000
1340682074302000000
1344066618871000000
1343312157723000000
1335494485723000000
1314094815626000000
1307118745432000000
1337389990762000000
1297435987839000000
1319142617818000000
1341041753437000000
1323247235342000000
1329094629746000000
1342605031963000000
1325186682150000000
1327405508525000000
1324399609137000000
1335736214300000000
1341839341334000000
1318961733689000000
1320552334259000000
1347359395206000000
1342454994380000000
1323128759053000000
1320729053684000000
1334822783286000000
1323396782235000000
1326092323964000000
1327103896724000000
1331348021163000000
1344621291272000000
1319991442610000000
1333097434091000000
1327794674443000000
1329445975737000000
1344750969466000000
1339476945925000000
1347383816030000000
1323245845058000000
1342248755800000000
1346874740704000000
1345174190933000000
1345523713701000000
1346745414557000000
1345307601686000000
1284538592207000000
1290041718575000000
1320661991604000000
1270693516606000000
1329061343326000000
1297520459482000000
1316986716486000000
1270721793204000000
1298308257708000000
1283472201718000000
1323794850334000000
1344398238319000000
1296317229644000000
1340726977335000000
1275606044873000000
1303265087018000000
1320973674688000000
1329365860237000000
1339059224533000000
1281541329141000000
1323109756017000000
1313637350955000000
1334842265120000000
1343809432664000000
1336565792366000000
1347441415902000000
1283833577419000000
1323183789630000000
1268123742676000000
1343257624771000000
1336236785831000000
1334069268497000000
1340898077180000000
1334401184838000000
1307097044336000000
1282073031781000000
1284435376767000000
1294221875946000000
1291526449575000000
1333631244531000000
1298832328915000000
1326773942362000000
1304688144281000000
1339788343003000000
1336681173328000000
1318378228780000000
1319800222271000000
1309605137317000000
1334493512262000000
1285574803018000000
1341813645790000000
1314131934827000000
1316558064921000000
1339329135433000000
1328867712598000000
1295912430748000000
1328033957105000000
1341040484341000000
1334115574713000000
1341406338644000000
1285838986590000000
1286726793665000000
1343908561766000000
1347040721287000000
1317180963152000000
1326654980835000000
1342277800004000000
1323862403294000000
1301226062625000000
1327809160811000000
1318818582072000000
1305582254694000000
1335334280127000000
1323310786601000000
1290838129936000000
1324405914210000000
1335288862682000000
1305189397490000000
1293673121070000000
1324344752231000000
1274031707623000000
1344725916161000000
1325641556195000000
1267779718607000000
1267840247721000000
1272073925328000000
1303890108153000000
1328636940948000000
1290050221475000000
1328718406389000000
1342418161410000000
1339552082141000000
1323768268817000000
1328712363570000000
1329837487517000000
1289352050565000000
1281712384598000000
1267670054638000000
1347454911647000000
1276284222146000000
1276921104329000000
1288676838877000000
1279128264227000000
1286846034649000000
1342112756164000000
1275385950573000000
1304967212781000000
1321429130248000000
1337360223238000000
1301519549649000000
1280652362412000000
1297003463030000000
1272371986561000000
1278872777744000000
1334935794321000000
1325256953904000000
1304371654583000000
1323935343020000000
1316460802035000000
1347523661035000000
1288792001145000000
1323605653987000000
1303343615082000000
1342346096066000000
1322236465198000000
1303836850526000000
1307921510860000000
1320420315529000000
1309603132729000000
1339052448723000000
1290454814660000000
1269571994672000000
1281030660063000000
1280498965587000000
1311256436498000000
1313360315209000000
1294321335551000000
1304770878326000000
1302032834265000000
1345513415367000000
1306925011448000000
1271282308495000000
1341635349984000000
1268911444804000000
1338259532264000000
1346766471434000000
1324796196116000000
1282320116949000000
1289337003700000000
1305302542302000000
1284027783637000000
1341083290371000000
1339815337057000000
1297286070826000000
1306646317608000000
1295350953477000000
1294003866797000000
1272597128960000000
1336649101001000000
1305976404514000000
1324358583788000000
1282954342583000000
1318262758127000000
1288912871328000000
1293351694407000000
1277663206719000000
1336079997049000000
1344468374329000000
1320116513830000000
1328918164054000000
1346753381022000000
1302267817050000000
1340991649308000000
1320685102091000000
1335033290262000000
1303542246971000000
1344019321048000000
1326079874645000000
1345382742232000000
1345986377272000000
1321339115944000000
1321168989879000000
1333335800020000000
1346382249629000000
1328161623739000000
1290395221634000000
1311742679636000000
1270231524994000000
1298105886074000000
1285006395670000000
1310089569242000000
1331193858076000000
1278453569747000000
1286245422166000000
1287184469446000000
1294553222580000000
1287003013062000000
1294056769113000000
1295850316469000000
1334603201558000000
1288503756599000000
1325280489792000000
1282372958050000000
1268546578365000000
1275820303813000000
1265409711869000000
1346065976967000000
1297206557754000000
1312095894255000000
1346819271361000000
1333305562750000000
1343035806398000000
1324224248328000000
1341064529242000000
1317135701984000000
1328437555746000000
1339122836053000000
1335586657157000000
1319587287544000000
1324203352446000000
1327844473601000000
1347521603179000000
1339436437641000000
1317543001059000000
1342468246262000000
1317673556835000000
1327053706141000000
1339489605843000000
1334534412227000000
1327069625159000000
1345059501233000000
1347503323019000000
1334921937259000000
1289630075825000000
1342130304933000000
1316514445666000000
1345608860485000000
1297956835090000000
1288728729639000000
1342462680894000000
1326571427546000000
1296884942202000000
1342930104395000000
1341690525226000000
1294115300130000000
1290706024665000000
1289208993129000000
1308117706221000000
1309172291792000000
1334845565856000000
1347051039140000000
1327913738234000000
1334253762323000000
1316456469601000000
1334965550009000000
1324109096774000000
1324733207165000000
1337637141540000000
1326859608733000000
1330601274752000000
1335394940180000000
1322743445061000000
1328560636554000000
1327518215844000000
1338385721518000000
1335105543449000000
1342930411307000000
1346871755334000000
1342420269764000000
1342464450544000000
1344192207121000000
1296718556720000000
1343847679403000000
1272013368667000000
1278256036647000000
1327600348841000000
1320482909850000000
1277984556211000000
1286271298561000000
1323971318728000000
1334085809317000000
1325278377557000000
1317842145601000000
1328930238662000000
1308602250465000000
1282864620565000000
1279768915488000000
1275643592267000000
1325628921827000000
1271533090650000000
1341119577790000000
1298684304329000000
1314531748377000000
1329242684634000000
1324216576115000000
1274381032984000000
1331113488585000000
1328506590261000000
1334705871093000000
1282700734635000000
1300904458390000000
1271485187899000000
1303826077011000000
1275042345196000000
1305185373546000000
1310416468385000000
1292954512004000000
1326204345354000000
1340741318800000000
1276260807537000000
1281444140019000000
1312595442937000000
1298422999557000000
1300481131517000000
1310463372833000000
1289858258736000000
1298196777209000000
1334140786046000000
1332764972409000000
1340312611030000000
1323840330242000000
1313323738412000000
1324476857420000000
1285547249131000000
1310196176755000000
1290611049676000000
1285433088853000000
1289516120080000000
1328720099249000000
1297271847927000000
1302876961904000000
1318096930907000000
1319751132733000000
1297417667444000000
1306376578736000000
1321609534795000000
1340816905133000000
1341197905809000000
1311572023231000000
1319890108811000000
1326867091439000000
1339935953103000000
1320365283984000000
1346894821839000000
1325697592955000000
1321078314762000000
1320301756126000000
1330077110808000000
1341527606451000000
1328459368206000000
1338783913719000000
1337214295757000000
1326818608107000000
1322785353404000000
1330119677734000000
1347369792197000000
1344891871368000000
1344416257874000000
1338980297515000000
1339559054869000000
1336680400980000000
1343413540018000000
1322137032140000000
1347126762999000000
1325130365215000000
1334028916310000000
1325314453043000000
1344034438046000000
1332079208505000000
1346923004905000000
1343241776861000000
1335909725302000000
1336594603315000000
