1282625997998000000
1282412609511000000
1304438685135000000
1304666382689000000
1320020122203000000
1319980600044000000
1321704149200000000
1321582392178000000
1321940204634000000
1329365860237000000
1330928587739000000
1330151274285000000
1330158503817000000
1329310978869000000
1330459593397000000
1330544769573000000
1329521454039000000
1330208837260000000
1330262527874000000
1329490925482000000
1331449237998000000
1330032980839000000
1331567452514000000
1330210620271000000
1330168272765000000
1333905943051000000
1335562135369000000
1335738586343000000
1336047895668000000
1335967710071000000
1336405050072000000
1334201331316000000
1336062831155000000
1336250872062000000
1336035610630000000
1336244815468000000
1335936530036000000
1336247820909000000
1336131060850000000
1335133823303000000
1336390409651000000
1335045036876000000
1336146505727000000
1335917351704000000
1335218442534000000
1335638225122000000
1334516107418000000
1297611903426000000
1298035628648000000
1297224758220000000
1296735197205000000
1297526064676000000
1298144313191000000
1297565284162000000
1297967618424000000
1296481945695000000
1298047862828000000
1296339289229000000
1298417287762000000
1298354042080000000
1297520526554000000
1296747132669000000
1296638683366000000
1297186427501000000
1296884656665000000
1298643124222000000
1296416034467000000
1302635780645000000
1302135669559000000
1304022341989000000
1303817056857000000
1305303705598000000
1304498912794000000
1341502265003000000
1339044702276000000
1339075194948000000
1338960884596000000
1273483763300000000
1283298222692000000
1282040634946000000
1283120340533000000
1281030660063000000
1282864620565000000
1282493944876000000
1281811530061000000
1281894756719000000
1281436944823000000
1303226344132000000
1303309307948000000
1322026199228000000
1323396782235000000
1322048211211000000
1321967162715000000
1323121704256000000
1322375569467000000
1322159924136000000
1328040968241000000
1327354730997000000
1327278190416000000
1327414138031000000
1326608503983000000
1328394596750000000
1327158849782000000
1326280401161000000
1326964699535000000
1328411081162000000
1339891755391000000
1340202279568000000
1342236112745000000
1341341288760000000
1341805789035000000
1274556327739000000
1271012465383000000
1273032133784000000
1273059875333000000
1301685188207000000
1303518171878000000
1302980044568000000
1303471342855000000
1303329788802000000
1303312627034000000
1321145188482000000
1320031920872000000
1321436421414000000
1319617863102000000
1319954301623000000
1327750763695000000
1327376160680000000
1327787207450000000
1328049735058000000
1326631843903000000
1328580896029000000
1326571427546000000
1328720099249000000
1327739320907000000
1328326276985000000
1327065885988000000
1326411892055000000
1327638353730000000
1327966387754000000
1327266584333000000
1326186457980000000
1328605279560000000
1326695961311000000
1328211560922000000
1326767060871000000
1327947703766000000
1326220795797000000
1328378699659000000
1328202322777000000
1326679931470000000
1327226956606000000
1326324912961000000
1327251783292000000
1342395884767000000
1341059919884000000
1280498965587000000
1311256436498000000
1310161822317000000
1308844243777000000
1313360315209000000
1314000627021000000
1312426144349000000
1314625155246000000
1312745956888000000
1314177678902000000
1312565726811000000
1313726735407000000
1312575829218000000
1313361158567000000
1313445178456000000
1313812921285000000
1313725324313000000
1314206871441000000
1314174491554000000
1313481825214000000
1313677093969000000
1314493084090000000
1318559092587000000
1319280820608000000
1318426399737000000
1317673556835000000
1319890108811000000
1317473552619000000
1318678583433000000
1318511521648000000
1317925700781000000
1317414284998000000
1317977827281000000
1319339567843000000
1319214984674000000
1317730306755000000
1317602733209000000
1318651743824000000
1318871332152000000
1318045534065000000
1318351782111000000
1318131957244000000
1320401648835000000
1320027298619000000
1321007586748000000
1320203264498000000
1319747256003000000
1320259265937000000
1268857065159000000
1277586667994000000
1278265783619000000
1278897501793000000
1278415050648000000
1278963802011000000
1279259554089000000
1280932002070000000
1281122994875000000
1291029849725000000
1291340051891000000
1291286761325000000
1300101010563000000
1297582363312000000
1297295432846000000
1296442210065000000
1300174847229000000
1296554468760000000
1297111013884000000
1298110617190000000
1297836914999000000
1296353049473000000
1301779951466000000
1301880611313000000
1314067640207000000
1314310593630000000
1314474653564000000
1313402637868000000
1312701211022000000
1312692028754000000
1312484702349000000
1313306292419000000
1313004117316000000
1314410365027000000
1313334292257000000
1337171392636000000
1340461521143000000
1338486267694000000
1339067787946000000
1336704898812000000
1336681173328000000
1337214295757000000
1336802573933000000
1338285294877000000
1337038839748000000
1338169025307000000
1338527139392000000
1339659578546000000
1337966999316000000
1338488265994000000
1338396388698000000
1338131149111000000
1337450348151000000
1337462110675000000
1345317196113000000
1343413540018000000
1343661641791000000
1343265759728000000
1343308834242000000
1343505454506000000
1343429272929000000
1344563019010000000
1344040504882000000
1344916967105000000
1344504061089000000
1345704590384000000
1344026039391000000
1345738601594000000
1345074271909000000
1344723930909000000
1344035367703000000
1342414231038000000
1343819519150000000
1342979381045000000
1343718392506000000
1342170712357000000
1343386287828000000
1342248535813000000
1342952007963000000
1344294679197000000
1343328656124000000
1342481705794000000
1343204530769000000
1342850328149000000
1343554384786000000
1342943056927000000
1342410774190000000
1342976052641000000
1343828358209000000
1343568594093000000
1288194625870000000
1290603453995000000
1290677086556000000
1290182607409000000
1290094895754000000
1291018065706000000
1290378503424000000
1303234534192000000
1302529252162000000
1312711719872000000
1311582558380000000
1313254003536000000
1312239808860000000
1311859149694000000
1311525195802000000
1311376488758000000
1311783874335000000
1312400845652000000
1312391065501000000
1314482793404000000
1312196499233000000
1311595098352000000
1312687800662000000
1311580439270000000
1312522529935000000
1312848562747000000
1316478976769000000
1311616380565000000
1310826825571000000
1332841131467000000
1331159437952000000
1331192170874000000
1332979838112000000
1332598537215000000
1332803879343000000
1332522733760000000
1332188147442000000
1332504041737000000
1332735177640000000
1332530338076000000
1331670754812000000
1332943701881000000
1333168364078000000
1336410769094000000
1335517546005000000
1336703450428000000
1336324357807000000
1335437052842000000
1335789331096000000
1344974467264000000
1274001100510000000
1274296797094000000
1275245468727000000
1274810186887000000
1273850158630000000
1279768915488000000
1298218537945000000
1296753302418000000
1297008045155000000
1298462656335000000
1297422503570000000
1297761069715000000
1297753738646000000
1296028043255000000
1296636597653000000
1294591652843000000
1294321335551000000
1295399943933000000
1294269389808000000
1298940024488000000
1296219107902000000
1295311262389000000
1296477261166000000
1295484932715000000
1316990314066000000
1315276989038000000
1314462615915000000
1315723188028000000
1316302423047000000
1325822311709000000
1327053706141000000
1325105003505000000
1324879222837000000
1326132017560000000
1325436698262000000
1326037456839000000
1325119725938000000
1326251371317000000
1327141597900000000
1325675018704000000
1332612661196000000
1333935397290000000
1332910231387000000
1333318821172000000
1333664181037000000
1334144377281000000
1333870869874000000
1333506118457000000
1334560616887000000
1333127520753000000
1336010620877000000
1347405051396000000
1347421430368000000
1347338344629000000
1292391294102000000
1292785329278000000
1292785276979000000
1294511127431000000
1304770878326000000
1304394923301000000
1327213377570000000
1326720173788000000
1326847342281000000
1327994177116000000
1327302188610000000
1327401799639000000
1323862403294000000
1322137032140000000
1323071733144000000
1324154087037000000
1322600612123000000
1322970153361000000
1323397876643000000
1323904481866000000
1322361077882000000
1323945627152000000
1322343930732000000
1323708212461000000
1322834995148000000
1323995993956000000
1323729784885000000
1323774735698000000
1334858983583000000
1336324437989000000
1336200079707000000
1335817455751000000
1336073832135000000
1265189150871000000
1266432095886000000
1275643592267000000
1274009651348000000
1274968642999000000
1274470662346000000
1277331405649000000
1274291235836000000
1274510598479000000
1276120245284000000
1293821901165000000
1301226062625000000
1302032834265000000
1302726113779000000
1301825941143000000
1301858726908000000
1301964473987000000
1301983503524000000
1301138230048000000
1303338796363000000
1302199421210000000
1302191460537000000
1303956795622000000
1312330113237000000
1314055591687000000
1314037080828000000
1312204120441000000
1314497792968000000
1314092690076000000
1312625038663000000
1316157706104000000
1314954455640000000
1316606877753000000
1316967071300000000
1316152812258000000
1315104907472000000
1316174467188000000
1316069245042000000
1316389894693000000
1317038088276000000
1314818464135000000
1315497856015000000
1315128335971000000
1314884836884000000
1315560198583000000
1315225382006000000
1314987601031000000
1315195084034000000
1316320151926000000
1316415381613000000
1317055614958000000
1315246690762000000
1316993003371000000
1314909857655000000
1316890606519000000
1317161719843000000
1326092323964000000
1325628921827000000
1326990098421000000
1326134956067000000
1324942277532000000
1327147892807000000
1341142292800000000
1342283555476000000
1341901000650000000
1342109417582000000
1340867191337000000
1338513411249000000
1340107860186000000
1339155047207000000
1338267246332000000
1339627079839000000
1339329995393000000
1340725609177000000
1338547155229000000
1338877999490000000
1338571106845000000
1338568534813000000
1339616443324000000
1340000472181000000
1340421921740000000
1338860422568000000
1338926107496000000
1340581364068000000
1339774761875000000
1339731207055000000
1340020390305000000
1338737802791000000
1340347521074000000
1345523713701000000
1345513415367000000
1343619867379000000
1345246394589000000
1344128337868000000
1345601957053000000
1343269031974000000
1275024143034000000
1274508414478000000
1273549277350000000
1275659820304000000
1292061272725000000
1291255383754000000
1297128367340000000
1296884942202000000
1296924351242000000
1297030972375000000
1297295037384000000
1298181322050000000
1298507885666000000
1297151261545000000
1301358313811000000
1301435510058000000
1303361795280000000
