1313653616978000000
1313735468860000000
1312366066249000000
1312568039505000000
1311959161912000000
1333632229808000000
1333680485774000000
1331727042115000000
1331934776602000000
1333459969803000000
1332732542712000000
1333789318074000000
1333275735448000000
1334063230414000000
1332987768096000000
1334115574713000000
1334045321988000000
1334894663855000000
1332785162654000000
1334856174804000000
1334267127351000000
1332665687124000000
1333787422668000000
1335012580363000000
1332927715090000000
1334206166487000000
1332772679573000000
1333837655084000000
1333257297560000000
1332734939993000000
1334624562719000000
1334804479995000000
1333495670138000000
1334450748989000000
1333022139687000000
1332901853788000000
1334671887708000000
1333092409630000000
1334127980235000000
1334326718471000000
1334135211648000000
1334355501801000000
1333575766975000000
1332868471553000000
1334856423482000000
1332604539315000000
1334436647618000000
1334068919234000000
1345976323011000000
1346166749299000000
1267878020312000000
1267435986280000000
1282094304917000000
1279297365596000000
1279627845803000000
1279340069992000000
1302827322232000000
1325130365215000000
1324895423865000000
1324938429343000000
1325813139124000000
1325786123652000000
1326763142383000000
1325879614776000000
1325339231964000000
1326696710307000000
1330399364549000000
1330661144031000000
1330217343502000000
1331474915231000000
1341175820993000000
1301311034313000000
1299819563954000000
1301345062719000000
1300088055798000000
1299817912365000000
1299390623235000000
1301131155832000000
1319523765995000000
1319751132733000000
1319473105378000000
1318428473802000000
1318722489722000000
1317484270896000000
1318254192259000000
1324888483786000000
1324796196116000000
1324260264625000000
1324979538085000000
1324993886787000000
1324112619777000000
1325609170533000000
1324968324648000000
1325701382484000000
1323579033044000000
1324713435847000000
1325523000338000000
1331440679395000000
1329967593069000000
1329593749020000000
1330554980331000000
1331450526616000000
1330575353933000000
1329837487517000000
1331113488585000000
1331611383031000000
1329724469848000000
1329497432938000000
1329782999144000000
1330140658948000000
1330801131599000000
1330853865119000000
1329461070198000000
1329493685420000000
1330720894154000000
1331499055789000000
1331081173033000000
1329920489360000000
1329753386107000000
1329483983464000000
1329861079069000000
1330560485674000000
1331773289631000000
1330053509757000000
1331356772956000000
1329736921811000000
1330911792518000000
1329486660228000000
1330264692481000000
1331122400415000000
1329633722399000000
1331328741534000000
1331471078503000000
1331224871033000000
1329632410906000000
1334239018931000000
1333602024302000000
1334800432518000000
1333813832372000000
1335257433933000000
1333299043468000000
1335179009023000000
1335277000987000000
1333642177953000000
1333104543326000000
1334954871604000000
1333672882115000000
1335124798327000000
1335384845748000000
1335494802474000000
1335156440938000000
1334647658802000000
1334850712188000000
1334771282215000000
1334401184838000000
1335288862682000000
1335033290262000000
1333335800020000000
1334603201558000000
1333305562750000000
1335586657157000000
1334534412227000000
1334253762323000000
1334965550009000000
1335394940180000000
1335105543449000000
1334028916310000000
1334662537481000000
1335080512222000000
1334784504424000000
1334281419467000000
1334053836619000000
1334241887328000000
1335093565672000000
1335335837946000000
1333675449379000000
1334274658860000000
1333415234335000000
1335160995120000000
1336782155964000000
1335334970992000000
1333304226517000000
1333372924649000000
1334529929872000000
1333163962096000000
1333262036332000000
1334735312638000000
1333660299548000000
1335308632900000000
1334522486026000000
1333921532707000000
1333725020570000000
1334744259932000000
1334011933803000000
1334179307834000000
1333865180736000000
1333679380726000000
1334095219429000000
1335506268968000000
1333281555733000000
1333212201669000000
1333746591586000000
1334718754081000000
1334919339786000000
1334664319584000000
1333596829907000000
1333536875666000000
1334754196181000000
1335645434187000000
1335223183484000000
1335069164248000000
1334854027243000000
1335557013854000000
1335195193783000000
1333757127469000000
1335035321647000000
1333993505147000000
1334711138682000000
1334729205861000000
1335241311527000000
1333449675741000000
1333909914304000000
1335302948172000000
1334450242626000000
1335436805638000000
1333417048266000000
1333873575252000000
1333596562248000000
1333974533350000000
1334599319278000000
1334785335986000000
1334769576063000000
1334400694420000000
1335040298193000000
1334410116706000000
1334420732589000000
1335224285889000000
1334270315378000000
1334462295125000000
1333191759658000000
1334259170792000000
1334954265393000000
1335464543132000000
1334615466988000000
1335580328034000000
1334660473940000000
1333111505265000000
1333448613393000000
1334519104533000000
1335638050548000000
1333319128563000000
1334147251817000000
1334145380890000000
1334637521729000000
1334072173222000000
1335496024125000000
1333519673392000000
1335360006313000000
1334400640890000000
1335163607805000000
1335468533962000000
1333262562872000000
1334386996770000000
1333160579171000000
1333303186171000000
1335581986709000000
1333218198989000000
1333735981462000000
1333246892642000000
1335268681267000000
1333159737365000000
1334008406258000000
1334510099758000000
1334476720828000000
1334457027602000000
1333391985251000000
1333744727088000000
1333464900761000000
1334784672618000000
1334916464279000000
1333509958163000000
1333408269012000000
1333457108671000000
1334043041294000000
1333816925808000000
1278664297498000000
1280088230733000000
1279208923232000000
1280260310742000000
1279406721588000000
1278727169436000000
1279021462499000000
1282944121912000000
1282320116949000000
1339388951380000000
1341105653317000000
1340710318650000000
1340676940096000000
1340373736377000000
1341339408514000000
1339924789470000000
1341756293425000000
1341234796250000000
1339758083457000000
1340579124231000000
1343085712497000000
1344621291272000000
1343607918043000000
1343145433502000000
1344186200962000000
1343908162769000000
1342743986892000000
1343892872408000000
1343359930387000000
1343955651312000000
1343544688389000000
1344826529894000000
1342796476965000000
1344837224812000000
1345067460749000000
1343815300242000000
1343849344582000000
1283686816798000000
1284357259746000000
1284809052003000000
1282411769905000000
1283682939034000000
1284724087965000000
1291822686841000000
1266255093954000000
1267862091890000000
1284073937130000000
1289352050565000000
1289337003700000000
1287654200315000000
1288832233269000000
1289408901410000000
1325314453043000000
1326767516773000000
1333834123318000000
1332826882470000000
1346715186226000000
1347346422250000000
1346569345251000000
1346465942830000000
1305302542302000000
1305967783821000000
1307205921093000000
1312146805629000000
1312851018018000000
1321433913452000000
1319725639480000000
1321398788073000000
1319633437664000000
1318147352125000000
1317744941153000000
1316899156547000000
1316602003165000000
1319244213192000000
1321064836833000000
1321000355369000000
1326341156294000000
1325514443232000000
1326690613359000000
1327237487729000000
1326414359096000000
1333015216139000000
1333139808595000000
1331439556300000000
1335519785592000000
1336873864765000000
1335528660384000000
1334842265120000000
1336315860980000000
1336066623179000000
1335532932563000000
1335776396407000000
1337080111554000000
1335518706682000000
1335499642348000000
1336734387374000000
1343568685269000000
1342529275698000000
1343397139167000000
1344237716910000000
1344983353140000000
1343971927566000000
1342791402226000000
1343400509593000000
1342842503861000000
1344667192680000000
1344457339921000000
1343423074896000000
1343035806398000000
1342420269764000000
1344192207121000000
1344034438046000000
1343890947188000000
1342605037461000000
1342527498552000000
1343575146220000000
1343312488795000000
1343390655905000000
1343973492385000000
1343334210855000000
1343723515419000000
1343322629823000000
1343344402692000000
1343719926138000000
1342423923345000000
1344026570052000000
1343235963229000000
1343495904761000000
1344887193227000000
1343502098503000000
1344611721717000000
1344551000993000000
1342580897060000000
1342607989185000000
1342562826306000000
1343526427139000000
1343504152776000000
1344008236477000000
1342565455191000000
1343222568288000000
1344534581272000000
1344061824082000000
1344003179964000000
1343865622346000000
1344618147015000000
1343962588949000000
1344741738343000000
1343614015143000000
1344657560760000000
1342889912354000000
1342929224314000000
1342857858708000000
1344924473381000000
1344051991393000000
1342913635965000000
1343945403353000000
1343450045840000000
1343357838052000000
1346973857842000000
1344176604641000000
1343478579607000000
1343010544670000000
1343385302009000000
1342599716432000000
1344171078916000000
1344414525153000000
1344748406079000000
1342909556698000000
1344213333804000000
1342445876286000000
1342976396506000000
1342951660454000000
1345995591723000000
1346339171811000000
1347435749535000000
1346745414557000000
1346408138160000000
1346952763402000000
1346569192203000000
1347215751539000000
1346748372753000000
1346251122407000000
1347139642464000000
1346023871114000000
1346399016723000000
1346512768158000000
1287868180842000000
1288503756599000000
1286771520616000000
1286271477550000000
1331943533956000000
1330991328417000000
1267572615096000000
1273625712941000000
1275984648482000000
1274482568791000000
1284639556971000000
1284027783637000000
1284670756257000000
1284302965508000000
1285114230691000000
1283877580461000000
1283574818581000000
1297119890270000000
1297410553761000000
1295556808220000000
1295376187798000000
1295395333247000000
1297616175249000000
1296247375842000000
1298619887950000000
1295634487111000000
1295680685500000000
1297311111607000000
1326597284642000000
1327669890911000000
1331155672936000000
1332568505194000000
1331231653781000000
1331619001965000000
1333467771456000000
1331007040984000000
1332855115843000000
1331111959784000000
1331640251782000000
1332884404258000000
1332756994277000000
1331575436928000000
1331158260400000000
1332061946902000000
1332086190999000000
1332919251374000000
1331485374104000000
1332579734871000000
1332270272636000000
1333259070067000000
1331803749253000000
1331553727999000000
1331645587715000000
1333189584222000000
1331686524196000000
1331696637745000000
1331991817285000000
1332079208505000000
1331585210329000000
1331804262553000000
1330842340692000000
1331227045734000000
1332359362132000000
1332471935560000000
1331629934243000000
1332692001716000000
1332996459804000000
1332760176690000000
1330695063936000000
1331332928887000000
1331656617690000000
1332134588802000000
1331804496638000000
1332059621151000000
1331312255653000000
1341315751939000000
1340978547193000000
1343015809850000000
1341083290371000000
1340934082247000000
1341718480065000000
1343013374515000000
1340780115122000000
1341760427353000000
1342576620615000000
1267091679840000000
1265996425218000000
1272592941283000000
1273295825473000000
1299180944991000000
1302995857980000000
1305210458609000000
1303643110188000000
1303140311829000000
1302458347723000000
1301893450410000000
1302041191404000000
1306055017687000000
1305787749973000000
1308083439999000000
1306906458248000000
1305512579940000000
1307919582357000000
1307184118900000000
1307420813946000000
1306998025295000000
1307150184556000000
1310700730588000000
1327935700510000000
1328660450983000000
1328178860841000000
1329835744357000000
1329620175799000000
1329399458899000000
1337951928227000000
1338742445539000000
1339754899595000000
1273542220745000000
1271268009976000000
1271747594222000000
1271248333545000000
1271303692020000000
1270601412662000000
1272205993678000000
1280544676119000000
1279669863533000000
1278427283243000000
1297950477665000000
1299350577590000000
1309101536973000000
1310331777111000000
1310968434159000000
1309727795137000000
1310566766695000000
1308591291406000000
1309944756772000000
1343317327334000000
1279715459108000000
1278729448554000000
1279956438904000000
1277963269279000000
1279649198968000000
1279346483968000000
1284276715195000000
1283419812756000000
1284650055914000000
1285656186653000000
1283336287700000000
1284405265752000000
1288330090782000000
1287927612327000000
1307728039432000000
1308218277474000000
1308228348268000000
1306890322441000000
1307097044336000000
1306108461982000000
1305868517642000000
1307886209814000000
1306712555375000000
1307865804375000000
1306230740428000000
1307834133192000000
1306092849247000000
1307652879348000000
1308165291835000000
1307221559627000000
1306819397995000000
1308238613237000000
1305681294970000000
1307717099570000000
1307895255968000000
1306054420489000000
1305759987040000000
1307387081776000000
1307935350602000000
1306264809473000000
1307931434138000000
1305820843674000000
1306838658533000000
1305896743079000000
1306801439921000000
1307121090713000000
1308149815198000000
1306791060511000000
1305889439737000000
1306235247429000000
1308640295460000000
1313292133240000000
1316664478043000000
1312682148144000000
1319568136461000000
1319729511132000000
1318193861162000000
1318375456734000000
1319485427298000000
1318753160177000000
1318523353915000000
1319173017670000000
1318255142639000000
1319800222271000000
1319587287544000000
1320365283984000000
1319765043070000000
1319020385119000000
1318700159534000000
1319778951078000000
1319199359416000000
1320416627134000000
1320319431968000000
1319313039054000000
1317990828496000000
1318548397368000000
1320424061014000000
1319930988405000000
1319358790167000000
1318663573720000000
1318643807563000000
1319530615692000000
1317996825816000000
1320360613536000000
1320087259727000000
1318881828512000000
1319411027154000000
1319679936971000000
1320007732396000000
1320260066634000000
1319840929171000000
1319048784723000000
1317938364192000000
1319513939465000000
1319778342983000000
1319695091106000000
1318641671511000000
1320268476671000000
1317883170153000000
1319199942620000000
1318995503679000000
1318545533621000000
1319028913422000000
1318925878644000000
1318818780480000000
1317896919332000000
